Trade Number,Market Price,Excess Demand,Speculator Proportion,Kurtosis MP,Kurtosis ED,Kurtosis SP,MP Volatility Last 100 Trades,MP Volatility Last 10 Trades,Pre-CUSP Market Price Difference,Last 100 Pre-CUSP Market Prices Difference
76224,37.05,-495,65.2,nan,nan,nan,0.51,0.707,0.0,6.7
76225,37.05,-495,65.2,nan,nan,nan,0.51,nan,0.0,6.7
76226,37.05,-495,65.2,nan,nan,nan,0.51,nan,0.0,6.7
76227,37.05,-495,65.2,nan,nan,nan,0.51,nan,0.0,6.7
76228,37.05,-495,65.2,nan,nan,nan,0.507,nan,0.0,6.7
76229,37.05,-494,65.2,nan,nan,nan,0.511,nan,0.0,6.5
76230,37.05,-494,65.2,nan,nan,nan,0.511,nan,0.0,6.5
76231,37.05,-494,65.2,nan,nan,nan,0.511,nan,0.0,6.5
76232,37.05,-493,65.2,nan,nan,nan,0.511,nan,0.0,6.5
76233,37.05,-493,65.2,nan,nan,nan,0.508,nan,0.0,6.5
76234,37.05,-493,65.2,nan,nan,nan,0.512,nan,0.0,6.4
76235,37.05,-492,65.2,nan,nan,nan,0.512,nan,0.0,6.4
76236,37.05,-492,65.2,nan,nan,nan,0.512,nan,0.0,6.4
76237,37.05,-491,65.2,nan,nan,nan,0.512,nan,0.0,6.4
76238,37.05,-491,65.2,nan,nan,nan,0.512,nan,0.0,6.4
76239,37.05,-491,65.2,nan,nan,nan,0.512,nan,0.0,6.4
76240,37.05,-491,65.2,nan,nan,nan,0.512,nan,0.0,6.4
76241,37.05,-496,65.2,nan,nan,nan,0.512,nan,0.0,6.4
76242,35.0,-496,65.2,nan,nan,nan,0.511,0.707,2.05,6.4
76243,35.0,-496,65.2,nan,nan,nan,0.511,0.707,2.05,6.4
76244,35.0,-497,65.2,nan,nan,nan,0.511,0.577,2.05,6.4
76245,32.9,-497,65.2,nan,nan,nan,0.51,0.577,4.15,6.4
76246,32.9,-497,65.2,nan,nan,nan,0.51,0.577,4.15,6.4
76247,32.9,-497,65.2,nan,nan,nan,0.51,0.577,4.15,6.4
76248,32.9,-497,65.2,nan,nan,nan,0.51,0.577,4.15,6.4
76249,32.9,-497,65.2,nan,nan,nan,0.51,0.577,4.15,6.4
76250,32.9,-497,65.2,nan,nan,nan,0.51,0.577,4.15,6.4
76251,32.9,-497,65.2,nan,nan,nan,0.51,0.707,4.15,6.4
76252,32.9,-497,65.2,nan,nan,nan,0.51,0.707,4.15,6.4
76253,32.9,-496,65.2,nan,nan,nan,0.51,0.707,4.15,6.4
76254,34.85,-495,65.2,nan,nan,nan,0.509,0.707,4.15,6.4
76255,34.85,-495,65.2,nan,nan,nan,0.509,0.707,4.15,6.4
76256,34.85,-495,65.2,nan,nan,nan,0.509,0.707,4.15,6.4
76257,34.85,-495,65.2,nan,nan,nan,0.509,0.707,4.15,6.4
76258,34.85,-495,65.2,nan,nan,nan,0.509,0.707,4.15,6.4
76259,34.85,-495,65.2,nan,nan,nan,0.509,0.707,4.15,6.4
76260,34.85,-495,65.2,nan,nan,nan,0.509,0.707,4.15,6.4
76261,34.85,-495,65.2,nan,nan,nan,0.509,0.707,4.15,6.4
76262,34.85,-496,65.2,nan,nan,nan,0.509,0.707,4.15,6.4
76263,32.9,-496,65.2,nan,nan,nan,0.508,0.707,4.15,6.4
76264,32.9,-496,65.2,nan,nan,nan,0.508,0.707,4.15,6.4
76265,32.9,-496,65.2,nan,nan,nan,0.508,0.707,4.15,6.4
76266,32.9,-496,65.2,nan,nan,nan,0.508,0.707,4.15,6.4
76267,32.9,-496,65.2,nan,nan,nan,0.508,0.707,4.15,6.4
76268,32.9,-495,65.2,nan,nan,nan,0.508,0.577,4.15,6.4
76269,34.85,-495,65.2,nan,nan,nan,0.508,0.577,4.15,4.85
76270,34.85,-494,65.2,nan,nan,nan,0.508,0.548,4.15,4.85
76271,36.05,-494,65.2,nan,nan,nan,0.507,0.548,4.15,4.85
76272,36.05,-494,65.2,nan,nan,nan,0.507,0.577,4.15,4.85
76273,36.05,-494,65.2,nan,nan,nan,0.507,0.577,4.15,4.85
76274,36.05,-494,65.2,nan,nan,nan,0.507,0.577,4.15,4.85
76275,36.05,-493,65.2,nan,nan,nan,0.507,0.577,4.15,4.85
76276,36.05,-493,65.2,nan,nan,nan,0.507,0.577,4.15,4.85
76277,36.05,-492,65.2,nan,nan,nan,0.507,0.577,4.15,4.85
76278,36.8,-492,65.2,nan,nan,nan,0.507,0.577,4.15,4.85
76279,36.8,-498,65.2,nan,nan,nan,0.506,0.577,4.15,4.85
76280,34.75,-497,65.2,nan,nan,nan,0.506,0.577,4.15,4.85
76281,34.75,-496,65.2,nan,nan,nan,0.505,0.577,4.15,4.85
76282,34.75,-496,65.2,nan,nan,nan,0.507,0.577,4.15,4.15
76283,34.75,-496,65.2,nan,nan,nan,0.507,0.577,4.15,4.15
76284,34.75,-496,65.2,nan,nan,nan,0.507,0.577,4.15,4.15
76285,34.75,-496,65.2,nan,nan,nan,0.507,0.577,4.15,4.15
76286,34.75,-496,65.2,nan,nan,nan,0.506,0.577,4.15,4.15
76287,34.75,-496,65.2,nan,nan,nan,0.511,0.707,4.15,4.15
76288,34.75,-496,65.2,nan,nan,nan,0.512,nan,4.15,4.15
76289,34.75,-496,65.2,nan,nan,nan,0.512,nan,4.15,4.15
76290,34.75,-496,65.2,nan,nan,nan,0.512,nan,4.15,4.15
76291,34.75,-496,65.2,nan,nan,nan,0.512,nan,4.15,4.15
76292,34.75,-495,65.2,nan,nan,nan,0.512,nan,4.15,4.15
76293,34.75,-495,65.2,nan,nan,nan,0.512,nan,4.15,4.15
76294,34.75,-495,65.2,nan,nan,nan,0.512,nan,4.15,4.15
76295,34.75,-494,65.2,nan,nan,nan,0.512,nan,4.15,4.15
76296,34.75,-494,65.2,nan,nan,nan,0.512,nan,4.15,4.15
76297,34.75,-494,65.2,nan,nan,nan,0.512,nan,4.15,4.15
76298,34.75,-494,65.2,nan,nan,nan,0.513,nan,4.15,4.15
76299,34.75,-494,65.2,nan,nan,nan,0.513,nan,4.15,4.15
76300,34.75,-493,65.2,nan,nan,nan,0.512,nan,4.15,4.15
76301,34.9,-492,65.2,nan,nan,nan,0.501,0.471,4.15,4.15
76302,34.95,-492,65.2,nan,nan,nan,0.501,0.509,4.15,4.15
76303,34.95,-491,65.2,nan,nan,nan,0.501,0.5,4.15,4.15
76304,36.25,-490,65.2,nan,nan,nan,0.501,0.506,4.15,4.15
76305,36.25,-490,65.2,nan,nan,nan,0.501,0.506,4.15,4.15
76306,36.25,-490,65.2,nan,nan,nan,0.501,0.506,4.15,4.15
76307,36.25,-490,65.2,nan,nan,nan,0.501,0.506,4.15,4.15
76308,36.25,-490,65.2,nan,nan,nan,0.501,0.506,4.15,4.15
76309,36.25,-490,65.2,nan,nan,nan,0.501,0.471,4.15,4.15
76310,36.25,-490,65.2,nan,nan,nan,0.501,0.577,4.15,4.15
76311,36.25,-490,65.2,nan,nan,nan,0.501,0.707,4.15,4.15
76312,36.25,-490,65.2,nan,nan,nan,0.501,nan,4.15,4.15
76313,36.25,-490,65.2,nan,nan,nan,0.501,nan,4.15,4.15
76314,36.25,-490,65.2,nan,nan,nan,0.501,nan,4.15,4.15
76315,36.25,-489,65.2,nan,nan,nan,0.501,nan,4.15,4.15
76316,36.9,-488,65.2,nan,nan,nan,0.501,0.707,4.15,4.15
76317,36.9,-488,65.2,nan,nan,nan,0.501,0.707,4.15,4.15
76318,36.9,-488,65.2,nan,nan,nan,0.501,0.707,4.15,4.15
76319,36.9,-487,65.2,nan,nan,nan,0.501,0.707,4.15,4.15
76320,36.9,-487,65.2,nan,nan,nan,0.501,0.707,4.15,4.15
76321,36.9,-487,65.2,nan,nan,nan,0.501,0.707,4.15,4.15
76322,36.9,-487,65.2,nan,nan,nan,0.501,0.707,4.15,4.15
76323,36.9,-486,65.2,nan,nan,nan,0.501,0.707,4.15,4.15
76324,36.9,-486,65.2,nan,nan,nan,0.501,nan,4.15,4.15
76325,36.9,-486,65.2,nan,nan,nan,0.501,nan,4.15,4.15
76326,36.9,-486,65.2,nan,nan,nan,0.501,nan,4.15,4.15
76327,36.9,-486,65.2,nan,nan,nan,0.501,nan,4.15,4.15
76328,36.9,-485,65.2,nan,nan,nan,0.501,nan,4.15,4.15
76329,36.9,-484,65.2,nan,nan,nan,0.501,nan,4.15,4.15
76330,36.9,-484,65.2,nan,nan,nan,0.501,nan,4.15,4.15
76331,36.9,-483,65.2,nan,nan,nan,0.501,nan,4.15,4.15
76332,36.9,-483,65.2,nan,nan,nan,0.501,nan,4.15,4.15
76333,36.9,-483,65.2,nan,nan,nan,0.501,nan,4.15,4.15
76334,36.9,-483,65.2,nan,nan,nan,0.501,nan,4.15,4.15
76335,36.9,-483,65.2,nan,nan,nan,0.501,nan,4.15,4.15
76336,36.9,-483,65.2,nan,nan,nan,0.501,nan,4.15,4.15
76337,36.9,-483,65.2,nan,nan,nan,0.501,nan,4.15,4.15
76338,36.9,-483,65.2,nan,nan,nan,0.501,nan,4.15,4.15
76339,36.9,-482,65.2,nan,nan,nan,0.501,nan,4.15,4.15
76340,36.9,-481,65.2,nan,nan,nan,0.5,nan,4.15,4.15
76341,36.9,-484,65.2,nan,nan,nan,0.501,nan,4.15,4.0
76342,35.0,-484,65.2,nan,nan,nan,0.501,0.707,4.15,4.0
76343,35.0,-484,65.2,nan,nan,nan,0.5,0.707,4.15,4.0
76344,35.0,-484,65.2,nan,nan,nan,0.501,0.707,4.15,4.0
76345,35.0,-484,65.2,nan,nan,nan,0.501,0.707,4.15,4.0
76346,35.0,-483,65.2,nan,nan,nan,0.501,0.707,4.15,4.0
76347,35.0,-483,65.2,nan,nan,nan,0.501,0.707,4.15,4.0
76348,35.0,-483,65.2,nan,nan,nan,0.501,0.707,4.15,4.0
76349,35.0,-483,65.2,nan,nan,nan,0.501,0.707,4.15,4.0
76350,35.0,-483,65.2,nan,nan,nan,0.501,nan,4.15,4.0
76351,35.0,-483,65.2,nan,nan,nan,0.501,nan,4.15,4.0
76352,35.0,-488,65.2,nan,nan,nan,0.501,nan,4.15,4.0
76353,31.9,-488,65.2,nan,nan,nan,0.501,0.707,5.15,5.0
76354,31.9,-488,65.2,nan,nan,nan,0.501,0.707,5.15,5.0
76355,31.9,-487,65.2,nan,nan,nan,0.501,0.707,5.15,5.0
76356,31.9,-487,65.2,nan,nan,nan,0.501,0.707,5.15,5.0
76357,31.9,-487,65.2,nan,nan,nan,0.501,0.707,5.15,5.0
76358,31.9,-486,65.2,nan,nan,nan,0.501,0.577,5.15,5.0
76359,32.85,-486,65.2,nan,nan,nan,0.501,0.577,5.15,5.0
76360,32.85,-486,65.2,nan,nan,nan,0.501,0.577,5.15,5.0
76361,32.85,-486,65.2,nan,nan,nan,0.5,0.577,5.15,5.0
76362,32.85,-486,65.2,nan,nan,nan,0.501,0.707,5.15,5.0
76363,32.85,-485,65.2,nan,nan,nan,0.501,0.577,5.15,5.0
76364,34.8,-485,65.2,nan,nan,nan,0.501,0.577,5.15,5.0
76365,34.8,-484,65.2,nan,nan,nan,0.501,0.548,5.15,5.0
76366,36.05,-483,65.2,nan,nan,nan,0.501,0.548,5.15,5.0
76367,36.05,-483,65.2,nan,nan,nan,0.5,0.548,5.15,5.0
76368,36.05,-483,65.2,nan,nan,nan,0.501,0.577,5.15,5.0
76369,36.05,-483,65.2,nan,nan,nan,0.5,0.577,5.15,5.0
76370,36.05,-483,65.2,nan,nan,nan,0.501,0.577,5.15,5.0
76371,36.05,-483,65.2,nan,nan,nan,0.501,0.577,5.15,5.0
76372,36.05,-483,65.2,nan,nan,nan,0.501,0.577,5.15,5.0
76373,36.05,-485,65.2,nan,nan,nan,0.501,0.577,5.15,5.0
76374,32.4,-485,65.2,nan,nan,nan,0.501,0.577,5.15,5.0
76375,32.4,-485,65.2,nan,nan,nan,0.501,0.707,5.15,5.0
76376,32.4,-500,65.2,nan,nan,nan,0.501,0.577,5.15,5.0
76377,30.7,-500,65.2,nan,nan,nan,0.501,0.577,6.35,6.2
76378,30.7,-500,65.2,nan,nan,nan,0.5,0.577,6.35,6.2
76379,30.7,-500,65.2,nan,nan,nan,0.501,0.577,6.35,6.2
76380,30.7,-500,65.2,nan,nan,nan,0.501,0.577,6.35,6.2
76381,30.7,-500,65.2,nan,nan,nan,0.501,0.577,6.35,6.2
76382,30.7,-500,65.2,nan,nan,nan,0.501,0.577,6.35,6.2
76383,30.7,-500,65.2,nan,nan,nan,0.501,0.707,6.35,6.2
76384,30.7,-499,65.2,nan,nan,nan,0.501,0.707,6.35,6.2
76385,30.7,-499,65.2,nan,nan,nan,0.501,nan,6.35,6.2
76386,30.7,-498,65.2,nan,nan,nan,0.501,nan,6.35,6.2
76387,30.7,-498,65.2,nan,nan,nan,0.501,nan,6.35,6.2
76388,30.7,-498,65.2,nan,nan,nan,0.501,nan,6.35,6.2
76389,30.7,-498,65.2,nan,nan,nan,0.501,nan,6.35,6.2
76390,30.7,-498,65.2,nan,nan,nan,0.501,nan,6.35,6.2
76391,30.7,-498,65.2,nan,nan,nan,0.501,nan,6.35,6.2
76392,30.7,-497,65.2,nan,nan,nan,0.501,nan,6.35,6.2
76393,30.7,-497,65.2,nan,nan,nan,0.501,nan,6.35,6.2
76394,30.7,-496,65.2,nan,nan,nan,0.501,nan,6.35,6.2
76395,30.7,-496,65.2,nan,nan,nan,0.501,nan,6.35,6.2
76396,30.7,-496,65.2,nan,nan,nan,0.501,nan,6.35,6.2
76397,30.7,-496,65.2,nan,nan,nan,0.501,nan,6.35,6.2
76398,30.7,-496,65.2,nan,nan,nan,0.501,nan,6.35,6.2
76399,30.7,-495,65.2,nan,nan,nan,0.5,nan,6.35,6.2
76400,30.7,-495,65.2,nan,nan,nan,0.513,nan,6.35,6.2
76401,30.7,-495,65.2,nan,nan,nan,0.514,nan,6.35,6.2
76402,30.7,-494,65.2,nan,nan,nan,0.514,nan,6.35,6.2
76403,30.7,-493,65.2,nan,nan,nan,0.516,nan,6.35,6.2
76404,30.7,-493,65.2,nan,nan,nan,0.516,nan,6.35,6.2
76405,30.7,-493,65.2,nan,nan,nan,0.516,nan,6.35,6.2
76406,30.7,-493,65.2,nan,nan,nan,0.516,nan,6.35,6.2
76407,30.7,-492,65.2,nan,nan,nan,0.516,nan,6.35,6.2
76408,30.7,-492,65.2,nan,nan,nan,0.516,nan,6.35,6.2
76409,30.7,-492,65.2,nan,nan,nan,0.516,nan,6.35,6.2
76410,30.7,-492,65.2,nan,nan,nan,0.516,nan,6.35,6.2
76411,30.7,-494,65.2,nan,nan,nan,0.516,nan,6.35,6.2
76412,30.7,-494,65.2,nan,nan,nan,0.516,nan,6.35,6.2
76413,30.7,-494,65.2,nan,nan,nan,0.516,nan,6.35,6.2
76414,30.7,-494,65.2,nan,nan,nan,0.516,nan,6.35,6.2
76415,30.7,-494,65.2,nan,nan,nan,0.519,nan,6.35,6.2
76416,30.7,-494,65.2,nan,nan,nan,0.519,nan,6.35,6.2
76417,30.7,-494,65.2,nan,nan,nan,0.519,nan,6.35,6.2
76418,30.7,-494,65.2,nan,nan,nan,0.519,nan,6.35,6.2
76419,30.7,-494,65.2,nan,nan,nan,0.519,nan,6.35,6.2
76420,30.7,-528,65.2,nan,nan,nan,0.516,nan,6.35,6.2
76421,27.8,-528,65.2,nan,nan,nan,0.516,0.707,9.25,9.1
76422,27.8,-528,65.2,nan,nan,nan,0.516,0.707,9.25,9.1
76423,27.8,-528,65.2,nan,nan,nan,0.516,0.707,9.25,9.1
76424,27.8,-527,65.2,nan,nan,nan,0.516,0.707,9.25,9.1
76425,27.8,-527,65.2,nan,nan,nan,0.516,0.707,9.25,9.1
76426,27.8,-527,65.2,nan,nan,nan,0.516,0.707,9.25,9.1
76427,27.8,-527,65.2,nan,nan,nan,0.516,0.707,9.25,9.1
76428,27.8,-527,65.2,nan,nan,nan,0.516,0.707,9.25,9.1
76429,27.8,-527,65.2,nan,nan,nan,0.516,nan,9.25,9.1
76430,27.8,-527,65.2,nan,nan,nan,0.516,nan,9.25,9.1
76431,27.8,-527,65.2,nan,nan,nan,0.516,nan,9.25,9.1
76432,27.8,-527,65.2,nan,nan,nan,0.516,nan,9.25,9.1
76433,27.8,-527,65.2,nan,nan,nan,0.516,nan,9.25,9.1
76434,27.8,-527,65.2,nan,nan,nan,0.516,nan,9.25,9.1
76435,27.8,-527,65.2,nan,nan,nan,0.516,nan,9.25,9.1
76436,27.8,-527,65.2,nan,nan,nan,0.516,nan,9.25,9.1
76437,27.8,-526,65.2,nan,nan,nan,0.516,nan,9.25,9.1
76438,27.8,-526,65.2,nan,nan,nan,0.516,nan,9.25,9.1
76439,27.8,-526,65.2,nan,nan,nan,0.516,nan,9.25,9.1
76440,27.8,-525,65.2,nan,nan,nan,0.516,nan,9.25,9.1
76441,27.8,-525,65.2,nan,nan,nan,0.519,nan,9.25,8.25
76442,27.8,-525,65.2,nan,nan,nan,0.519,nan,9.25,8.25
76443,27.8,-524,65.2,nan,nan,nan,0.519,nan,9.25,8.25
76444,27.8,-523,65.2,nan,nan,nan,0.519,nan,9.25,8.25
76445,27.8,-523,65.2,nan,nan,nan,0.519,nan,9.25,8.25
76446,27.8,-522,65.2,nan,nan,nan,0.519,nan,9.25,8.25
76447,27.8,-522,65.2,nan,nan,nan,0.519,nan,9.25,8.25
76448,27.8,-521,65.2,nan,nan,nan,0.519,nan,9.25,8.25
76449,27.8,-521,65.2,nan,nan,nan,0.519,nan,9.25,8.25
76450,27.8,-521,65.2,nan,nan,nan,0.519,nan,9.25,8.25
76451,27.8,-521,65.2,nan,nan,nan,0.519,nan,9.25,8.25
76452,27.8,-521,65.2,nan,nan,nan,0.522,nan,9.25,8.25
76453,27.8,-520,65.2,nan,nan,nan,0.522,nan,9.25,8.25
76454,27.8,-520,65.2,nan,nan,nan,0.522,nan,9.25,8.25
76455,27.8,-520,65.2,nan,nan,nan,0.522,nan,9.25,8.25
76456,27.8,-519,65.2,nan,nan,nan,0.522,nan,9.25,8.25
76457,27.8,-519,65.2,nan,nan,nan,0.522,nan,9.25,8.25
76458,27.8,-519,65.2,nan,nan,nan,0.527,nan,9.25,8.25
76459,27.8,-519,65.2,nan,nan,nan,0.527,nan,9.25,8.25
76460,27.8,-522,65.2,nan,nan,nan,0.522,nan,9.25,8.25
76461,26.0,-522,65.2,nan,nan,nan,0.522,0.707,11.05,10.05
76462,26.0,-522,65.2,nan,nan,nan,0.522,0.707,11.05,10.05
76463,26.0,-521,65.2,nan,nan,nan,0.527,0.707,11.05,10.05
76464,26.0,-520,65.2,nan,nan,nan,0.527,0.577,11.05,10.05
76465,27.4,-520,65.2,nan,nan,nan,0.527,0.577,11.05,10.05
76466,27.4,-519,65.2,nan,nan,nan,0.522,0.548,11.05,10.05
76467,29.0,-519,65.2,nan,nan,nan,0.522,0.548,11.05,10.05
76468,29.0,-519,65.2,nan,nan,nan,0.522,0.548,11.05,10.05
76469,29.0,-519,65.2,nan,nan,nan,0.522,0.548,11.05,10.05
76470,29.0,-519,65.2,nan,nan,nan,0.522,0.577,11.05,10.05
76471,29.0,-519,65.2,nan,nan,nan,0.522,0.577,11.05,10.05
76472,29.0,-520,65.2,nan,nan,nan,0.522,0.548,11.05,10.05
76473,27.4,-520,65.2,nan,nan,nan,0.522,0.548,11.05,6.4
76474,27.4,-520,65.2,nan,nan,nan,0.522,0.577,11.05,6.4
76475,27.4,-520,65.2,nan,nan,nan,0.522,0.577,11.05,6.4
76476,27.4,-519,65.2,nan,nan,nan,0.522,0.577,11.05,4.7
76477,29.0,-519,65.2,nan,nan,nan,0.522,0.577,11.05,4.7
76478,29.0,-519,65.2,nan,nan,nan,0.522,0.577,11.05,4.7
76479,29.0,-519,65.2,nan,nan,nan,0.522,0.577,11.05,4.7
76480,29.0,-519,65.2,nan,nan,nan,0.522,0.577,11.05,4.7
76481,29.0,-519,65.2,nan,nan,nan,0.522,0.577,11.05,4.7
76482,29.0,-518,65.2,nan,nan,nan,0.522,0.707,11.05,4.7
76483,29.0,-518,65.2,nan,nan,nan,0.522,0.707,11.05,4.7
76484,29.0,-518,65.2,nan,nan,nan,0.522,0.707,11.05,4.7
76485,29.0,-517,65.2,nan,nan,nan,0.522,nan,11.05,4.7
76486,29.0,-517,65.2,nan,nan,nan,0.522,nan,11.05,4.7
76487,29.0,-517,65.2,nan,nan,nan,0.522,nan,11.05,4.7
76488,29.0,-517,65.2,nan,nan,nan,0.522,nan,11.05,4.7
76489,29.0,-517,65.2,nan,nan,nan,0.522,nan,11.05,4.7
76490,29.0,-517,65.2,nan,nan,nan,0.522,nan,11.05,4.7
76491,29.0,-517,65.2,nan,nan,nan,0.522,nan,11.05,4.7
76492,29.0,-517,65.2,nan,nan,nan,0.522,nan,11.05,4.7
76493,29.0,-517,65.2,nan,nan,nan,0.522,nan,11.05,4.7
76494,29.0,-517,65.2,nan,nan,nan,0.522,nan,11.05,4.7
76495,29.0,-517,65.2,nan,nan,nan,0.522,nan,11.05,4.7
76496,29.0,-517,65.2,nan,nan,nan,0.522,nan,11.05,4.7
76497,29.0,-517,65.2,nan,nan,nan,0.522,nan,11.05,4.7
76498,29.0,-517,65.2,nan,nan,nan,0.522,nan,11.05,4.7
76499,29.0,-517,65.2,nan,nan,nan,0.522,nan,11.05,4.7
76500,29.0,-517,65.2,nan,nan,nan,0.522,nan,11.05,4.7
76501,29.0,-517,65.2,nan,nan,nan,0.522,nan,11.05,4.7
76502,29.0,-517,65.2,nan,nan,nan,0.522,nan,11.05,4.7
76503,29.0,-516,65.2,nan,nan,nan,0.522,nan,11.05,4.7
76504,29.0,-515,65.2,nan,nan,nan,0.522,nan,11.05,4.7
76505,29.0,-515,65.2,nan,nan,nan,0.522,nan,11.05,4.7
76506,29.0,-515,65.2,nan,nan,nan,0.522,nan,11.05,4.7
76507,29.0,-515,65.2,nan,nan,nan,0.522,nan,11.05,4.7
76508,29.0,-514,65.2,nan,nan,nan,0.522,nan,11.05,4.7
76509,29.0,-514,65.2,nan,nan,nan,0.522,nan,11.05,4.7
76510,29.0,-514,65.2,nan,nan,nan,0.522,nan,11.05,4.7
76511,29.0,-514,65.2,nan,nan,nan,0.522,nan,11.05,4.7
76512,29.0,-514,65.2,nan,nan,nan,0.522,nan,11.05,4.7
76513,29.0,-514,65.2,nan,nan,nan,0.522,nan,11.05,4.7
76514,29.0,-513,65.2,nan,nan,nan,0.522,nan,11.05,4.7
76515,29.0,-513,65.2,nan,nan,nan,0.522,nan,11.05,4.7
76516,29.0,-512,65.2,nan,nan,nan,0.522,nan,11.05,4.7
76517,29.0,-512,65.2,nan,nan,nan,0.522,nan,11.05,4.7
76518,29.0,-512,65.2,nan,nan,nan,0.522,nan,11.05,4.7
76519,29.0,-512,65.2,nan,nan,nan,0.522,nan,11.05,4.7
76520,29.0,-512,65.2,nan,nan,nan,0.527,nan,11.05,3.0
76521,29.0,-512,65.2,nan,nan,nan,0.527,nan,11.05,3.0
76522,29.0,-512,65.2,nan,nan,nan,0.527,nan,11.05,3.0
76523,29.0,-511,65.2,nan,nan,nan,0.527,nan,11.05,3.0
76524,29.0,-511,65.2,nan,nan,nan,0.527,nan,11.05,3.0
76525,29.0,-511,65.2,nan,nan,nan,0.527,nan,11.05,3.0
76526,29.0,-510,65.2,nan,nan,nan,0.527,nan,11.05,3.0
76527,29.0,-510,65.2,nan,nan,nan,0.527,nan,11.05,3.0
76528,29.0,-510,65.2,nan,nan,nan,0.527,nan,11.05,3.0
76529,29.0,-509,65.2,nan,nan,nan,0.527,nan,11.05,3.0
76530,29.0,-509,65.2,nan,nan,nan,0.527,nan,11.05,3.0
76531,29.0,-509,65.2,nan,nan,nan,0.527,nan,11.05,3.0
76532,29.0,-509,65.2,nan,nan,nan,0.527,nan,11.05,3.0
76533,29.0,-509,65.2,nan,nan,nan,0.527,nan,11.05,3.0
76534,29.0,-509,65.2,nan,nan,nan,0.527,nan,11.05,3.0
76535,29.0,-509,65.2,nan,nan,nan,0.527,nan,11.05,3.0
76536,29.0,-509,65.2,nan,nan,nan,0.527,nan,11.05,3.0
76537,29.0,-509,65.2,nan,nan,nan,0.527,nan,11.05,3.0
76538,29.0,-509,65.2,nan,nan,nan,0.527,nan,11.05,3.0
76539,29.0,-509,65.2,nan,nan,nan,0.527,nan,11.05,3.0
76540,29.0,-509,65.2,nan,nan,nan,0.527,nan,11.05,3.0
76541,29.0,-509,65.2,nan,nan,nan,0.527,nan,11.05,3.0
76542,29.0,-509,65.2,nan,nan,nan,0.527,nan,11.05,3.0
76543,29.0,-509,65.2,nan,nan,nan,0.527,nan,11.05,3.0
76544,29.0,-509,65.2,nan,nan,nan,0.527,nan,11.05,3.0
76545,29.0,-509,65.2,nan,nan,nan,0.527,nan,11.05,3.0
76546,29.0,-509,65.2,nan,nan,nan,0.527,nan,11.05,3.0
76547,29.0,-509,65.2,nan,nan,nan,0.527,nan,11.05,3.0
76548,29.0,-508,65.2,nan,nan,nan,0.527,nan,11.05,3.0
76549,29.0,-508,65.2,nan,nan,nan,0.527,nan,11.05,3.0
76550,29.0,-508,65.2,nan,nan,nan,0.527,nan,11.05,3.0
76551,29.0,-508,65.2,nan,nan,nan,0.527,nan,11.05,3.0
76552,29.0,-508,65.2,nan,nan,nan,0.527,nan,11.05,3.0
76553,29.0,-507,65.2,nan,nan,nan,0.522,nan,11.05,3.0
76554,29.1,-506,65.2,nan,nan,nan,0.522,0.707,11.05,3.1
76555,29.1,-506,65.2,nan,nan,nan,0.522,0.707,11.05,3.1
76556,29.1,-506,65.2,nan,nan,nan,0.522,0.707,11.05,3.1
76557,29.1,-505,65.2,nan,nan,nan,0.522,0.707,11.05,3.1
76558,29.1,-508,65.2,nan,nan,nan,0.519,0.577,11.05,3.1
76559,26.6,-508,65.2,nan,nan,nan,0.519,0.577,11.05,3.1
76560,26.6,-508,65.2,nan,nan,nan,0.522,0.577,11.05,3.1
76561,26.6,-508,65.2,nan,nan,nan,0.522,0.577,11.05,3.1
76562,26.6,-507,65.2,nan,nan,nan,0.519,0.577,11.05,3.1
76563,27.4,-507,65.2,nan,nan,nan,0.519,0.577,11.05,3.1
76564,27.4,-507,65.2,nan,nan,nan,0.522,0.577,11.05,2.5
76565,27.4,-507,65.2,nan,nan,nan,0.522,0.577,11.05,2.5
76566,27.4,-507,65.2,nan,nan,nan,0.527,0.577,11.05,2.5
76567,27.4,-507,65.2,nan,nan,nan,0.527,0.577,11.05,2.5
76568,27.4,-507,65.2,nan,nan,nan,0.527,0.707,11.05,2.5
76569,27.4,-507,65.2,nan,nan,nan,0.527,0.707,11.05,2.5
76570,27.4,-506,65.2,nan,nan,nan,0.522,0.577,11.05,2.5
76571,29.0,-505,65.2,nan,nan,nan,0.517,0.56,11.05,2.5
76572,29.1,-505,65.2,nan,nan,nan,0.517,0.56,11.05,2.5
76573,29.1,-505,65.2,nan,nan,nan,0.517,0.56,11.05,2.5
76574,29.1,-505,65.2,nan,nan,nan,0.517,0.56,11.05,2.5
76575,29.1,-505,65.2,nan,nan,nan,0.511,0.56,11.05,2.5
76576,29.1,-504,65.2,nan,nan,nan,0.521,0.56,11.05,2.5
76577,29.1,-504,65.2,nan,nan,nan,0.521,0.56,11.05,2.5
76578,29.1,-503,65.2,nan,nan,nan,0.521,0.56,11.05,2.5
76579,29.1,-502,65.2,nan,nan,nan,0.521,0.044,11.05,2.5
76580,29.1,-502,65.2,nan,nan,nan,0.521,nan,11.05,2.5
76581,29.1,-501,65.2,nan,nan,nan,0.521,nan,11.05,2.5
76582,29.1,-500,65.2,nan,nan,nan,0.521,nan,11.05,2.5
76583,29.1,-500,65.2,nan,nan,nan,0.521,nan,11.05,2.5
76584,29.1,-500,65.2,nan,nan,nan,0.521,nan,11.05,2.5
76585,29.1,-500,65.2,nan,nan,nan,0.521,nan,11.05,2.5
76586,29.1,-500,65.2,nan,nan,nan,0.521,nan,11.05,2.5
76587,29.1,-499,65.2,nan,nan,nan,0.521,nan,11.05,2.5
76588,29.1,-499,65.2,nan,nan,nan,0.521,nan,11.05,2.5
76589,29.1,-499,65.2,nan,nan,nan,0.521,nan,11.05,2.5
76590,29.1,-499,65.2,nan,nan,nan,0.521,nan,11.05,2.5
76591,29.1,-499,65.2,nan,nan,nan,0.521,nan,11.05,2.5
76592,29.1,-499,65.2,nan,nan,nan,0.521,nan,11.05,2.5
76593,29.1,-498,65.2,nan,nan,nan,0.521,nan,11.05,2.5
76594,29.1,-498,65.2,nan,nan,nan,0.521,nan,11.05,2.5
76595,29.1,-498,65.2,nan,nan,nan,0.521,nan,11.05,2.5
76596,29.1,-497,65.2,nan,nan,nan,0.521,nan,11.05,2.5
76597,29.1,-497,65.2,nan,nan,nan,0.521,nan,11.05,2.5
76598,29.1,-497,65.2,nan,nan,nan,0.521,nan,11.05,2.5
76599,29.1,-497,65.2,nan,nan,nan,0.521,nan,11.05,2.5
76600,29.1,-497,65.2,nan,nan,nan,0.521,nan,11.05,2.5
76601,29.1,-497,65.2,nan,nan,nan,0.521,nan,11.05,2.5
76602,29.1,-499,65.2,nan,nan,nan,0.521,nan,11.05,2.5
76603,27.4,-499,65.2,nan,nan,nan,0.517,0.707,11.05,2.5
76604,27.4,-499,65.2,nan,nan,nan,0.517,0.707,11.05,2.5
76605,27.4,-499,65.2,nan,nan,nan,0.517,0.707,11.05,2.5
76606,27.4,-499,65.2,nan,nan,nan,0.517,0.707,11.05,2.5
76607,27.4,-499,65.2,nan,nan,nan,0.517,0.707,11.05,2.5
76608,27.4,-499,65.2,nan,nan,nan,0.517,0.707,11.05,2.5
76609,27.4,-499,65.2,nan,nan,nan,0.517,0.707,11.05,2.5
76610,27.4,-499,65.2,nan,nan,nan,0.517,0.707,11.05,2.5
76611,27.4,-499,65.2,nan,nan,nan,0.517,nan,11.05,2.5
76612,27.4,-500,65.2,nan,nan,nan,0.517,nan,11.05,2.5
76613,25.8,-500,65.2,nan,nan,nan,0.515,0.707,11.25,3.3
76614,25.8,-500,65.2,nan,nan,nan,0.515,0.707,11.25,3.3
76615,25.8,-500,65.2,nan,nan,nan,0.515,0.707,11.25,3.3
76616,25.8,-500,65.2,nan,nan,nan,0.515,0.707,11.25,3.3
76617,25.8,-500,65.2,nan,nan,nan,0.515,0.707,11.25,3.3
76618,25.8,-500,65.2,nan,nan,nan,0.515,0.707,11.25,3.3
76619,25.8,-499,65.2,nan,nan,nan,0.514,0.577,11.25,3.3
76620,27.4,-499,65.2,nan,nan,nan,0.513,0.577,11.25,3.3
76621,27.4,-499,65.2,nan,nan,nan,0.513,0.577,11.25,3.3
76622,27.4,-499,65.2,nan,nan,nan,0.513,0.707,11.25,3.3
76623,27.4,-499,65.2,nan,nan,nan,0.513,0.707,11.25,3.3
76624,27.4,-499,65.2,nan,nan,nan,0.513,0.707,11.25,3.3
76625,27.4,-499,65.2,nan,nan,nan,0.513,0.707,11.25,3.3
76626,27.4,-498,65.2,nan,nan,nan,0.513,0.577,11.25,3.3
76627,29.0,-498,65.2,nan,nan,nan,0.511,0.577,11.25,3.3
76628,29.0,-498,65.2,nan,nan,nan,0.511,0.577,11.25,3.3
76629,29.0,-498,65.2,nan,nan,nan,0.511,0.707,11.25,3.3
76630,29.0,-497,65.2,nan,nan,nan,0.511,0.577,11.25,3.3
76631,29.1,-496,65.2,nan,nan,nan,0.497,0.479,11.25,3.3
76632,29.15,-496,65.2,nan,nan,nan,0.496,0.5,11.25,3.35
76633,29.15,-496,65.2,nan,nan,nan,0.496,0.5,11.25,3.35
76634,29.15,-495,65.2,nan,nan,nan,0.497,0.492,11.25,3.35
76635,29.95,-501,65.2,nan,nan,nan,1.005,1.742,11.25,4.15
76636,27.05,-500,65.2,nan,nan,nan,0.996,1.743,11.25,4.15
76637,28.45,-500,65.2,nan,nan,nan,0.976,1.594,11.25,4.15
76638,28.45,-500,65.2,nan,nan,nan,0.976,1.594,11.25,4.15
76639,28.45,-500,65.2,nan,nan,nan,0.976,1.643,11.25,4.15
76640,28.45,-500,65.2,nan,nan,nan,0.976,1.764,11.25,4.15
76641,28.45,-500,65.2,nan,nan,nan,0.976,1.997,11.25,4.15
76642,28.45,-500,65.2,nan,nan,nan,0.976,1.997,11.25,4.15
76643,28.45,-500,65.2,nan,nan,nan,0.976,1.968,11.25,4.15
76644,28.45,-537,65.2,nan,nan,nan,0.966,0.756,11.25,4.15
76645,26.3,-537,65.2,nan,nan,nan,0.948,0.577,11.25,4.15
76646,26.3,-536,65.2,nan,nan,nan,0.948,0.707,11.25,4.15
76647,26.3,-536,65.2,nan,nan,nan,0.948,0.707,11.25,4.15
76648,26.3,-536,65.2,nan,nan,nan,0.948,0.707,11.25,4.15
76649,26.3,-535,65.2,nan,nan,nan,0.948,0.707,11.25,4.15
76650,26.3,-534,65.2,nan,nan,nan,0.948,0.707,11.25,4.15
76651,26.3,-534,65.2,nan,nan,nan,0.948,0.707,11.25,4.15
76652,26.3,-534,65.2,nan,nan,nan,0.957,0.707,11.25,4.15
76653,26.3,-534,65.2,nan,nan,nan,0.976,nan,11.25,4.15
76654,26.3,-534,65.2,nan,nan,nan,0.976,nan,11.25,4.15
76655,26.3,-534,65.2,nan,nan,nan,0.976,nan,11.25,4.15
76656,26.3,-533,65.2,nan,nan,nan,0.976,nan,11.25,4.15
76657,26.3,-532,65.2,nan,nan,nan,0.985,nan,11.25,4.15
76658,26.3,-532,65.2,nan,nan,nan,1.007,nan,11.25,4.15
76659,26.3,-532,65.2,nan,nan,nan,1.007,nan,11.25,4.15
76660,26.3,-532,65.2,nan,nan,nan,1.007,nan,11.25,4.15
76661,26.3,-532,65.2,nan,nan,nan,1.017,nan,11.25,4.15
76662,26.3,-531,65.2,nan,nan,nan,1.042,nan,11.25,4.15
76663,26.3,-531,65.2,nan,nan,nan,1.042,nan,11.25,4.15
76664,26.3,-531,65.2,nan,nan,nan,1.042,nan,11.25,4.15
76665,26.3,-531,65.2,nan,nan,nan,1.042,nan,11.25,4.15
76666,26.3,-531,65.2,nan,nan,nan,1.042,nan,11.25,4.15
76667,26.3,-534,65.2,nan,nan,nan,1.03,nan,11.25,4.15
76668,24.6,-533,65.2,nan,nan,nan,1.007,0.707,12.45,5.35
76669,24.6,-533,65.2,nan,nan,nan,1.017,0.707,12.45,5.35
76670,24.6,-532,65.2,nan,nan,nan,1.031,0.577,12.45,5.35
76671,25.6,-532,65.2,nan,nan,nan,1.031,0.577,12.45,5.35
76672,25.6,-531,65.2,nan,nan,nan,1.018,0.548,12.45,5.35
76673,26.3,-531,65.2,nan,nan,nan,0.997,0.548,12.45,5.35
76674,26.3,-531,65.2,nan,nan,nan,0.997,0.548,12.45,5.35
76675,26.3,-531,65.2,nan,nan,nan,0.997,0.548,12.45,5.35
76676,26.3,-530,65.2,nan,nan,nan,0.997,0.548,12.45,5.35
76677,26.3,-529,65.2,nan,nan,nan,0.997,0.577,12.45,5.35
76678,26.3,-528,65.2,nan,nan,nan,0.997,0.577,12.45,5.35
76679,26.3,-527,65.2,nan,nan,nan,0.997,0.577,12.45,5.35
76680,26.3,-527,65.2,nan,nan,nan,0.997,0.707,12.45,5.35
76681,26.3,-527,65.2,nan,nan,nan,0.997,nan,12.45,5.35
76682,26.3,-526,65.2,nan,nan,nan,0.986,nan,12.45,5.35
76683,26.65,-526,65.2,nan,nan,nan,0.967,0.707,12.45,5.35
76684,26.65,-526,65.2,nan,nan,nan,0.967,0.707,12.45,5.35
76685,26.65,-525,65.2,nan,nan,nan,0.967,0.707,12.45,5.35
76686,26.65,-525,65.2,nan,nan,nan,0.967,0.707,12.45,5.35
76687,26.65,-525,65.2,nan,nan,nan,0.967,0.707,12.45,5.35
76688,26.65,-525,65.2,nan,nan,nan,0.967,0.707,12.45,5.35
76689,26.65,-525,65.2,nan,nan,nan,0.967,0.707,12.45,5.35
76690,26.65,-525,65.2,nan,nan,nan,0.967,0.707,12.45,5.35
76691,26.65,-524,65.2,nan,nan,nan,0.967,nan,12.45,5.35
76692,26.65,-523,65.2,nan,nan,nan,0.967,nan,12.45,5.35
76693,26.65,-523,65.2,nan,nan,nan,0.967,nan,12.45,5.35
76694,26.65,-523,65.2,nan,nan,nan,0.967,nan,12.45,5.35
76695,26.65,-523,65.2,nan,nan,nan,0.967,nan,12.45,5.35
76696,26.65,-523,65.2,nan,nan,nan,0.967,nan,12.45,5.35
76697,26.65,-523,65.2,nan,nan,nan,0.967,nan,12.45,5.35
76698,26.65,-523,65.2,nan,nan,nan,0.967,nan,12.45,5.35
76699,26.65,-523,65.2,nan,nan,nan,0.967,nan,12.45,5.35
76700,26.65,-523,65.2,nan,nan,nan,0.967,nan,12.45,5.35
76701,26.65,-523,65.2,nan,nan,nan,0.976,nan,12.45,5.35
76702,26.65,-523,65.2,nan,nan,nan,0.997,nan,12.45,5.35
76703,26.65,-523,65.2,nan,nan,nan,0.997,nan,12.45,5.35
76704,26.65,-523,65.2,nan,nan,nan,0.997,nan,12.45,5.35
76705,26.65,-523,65.2,nan,nan,nan,0.997,nan,12.45,5.35
76706,26.65,-523,65.2,nan,nan,nan,0.997,nan,12.45,5.35
76707,26.65,-522,65.2,nan,nan,nan,0.997,nan,12.45,5.35
76708,26.65,-522,65.2,nan,nan,nan,0.997,nan,12.45,5.35
76709,26.65,-521,65.2,nan,nan,nan,0.997,nan,12.45,5.35
76710,26.65,-521,65.2,nan,nan,nan,0.997,nan,12.45,5.35
76711,26.65,-522,65.2,nan,nan,nan,0.997,nan,12.45,5.35
76712,26.3,-522,65.2,nan,nan,nan,0.997,0.707,12.45,5.35
76713,26.3,-522,65.2,nan,nan,nan,0.997,0.707,12.45,5.35
76714,26.3,-522,65.2,nan,nan,nan,0.997,0.707,12.45,5.35
76715,26.3,-521,65.2,nan,nan,nan,0.997,0.707,12.45,5.35
76716,26.3,-521,65.2,nan,nan,nan,0.997,0.707,12.45,5.35
76717,26.3,-521,65.2,nan,nan,nan,0.997,0.707,12.45,5.35
76718,26.3,-521,65.2,nan,nan,nan,1.007,0.707,12.45,5.35
76719,26.3,-521,65.2,nan,nan,nan,1.031,0.707,12.45,5.35
76720,26.3,-521,65.2,nan,nan,nan,1.031,nan,12.45,5.35
76721,26.3,-520,65.2,nan,nan,nan,1.031,nan,12.45,5.35
76722,26.3,-519,65.2,nan,nan,nan,1.031,nan,12.45,5.35
76723,26.3,-518,65.2,nan,nan,nan,1.031,nan,12.45,5.35
76724,26.3,-517,65.2,nan,nan,nan,1.018,nan,12.45,5.35
76725,26.65,-517,65.2,nan,nan,nan,1.007,0.707,12.45,5.35
76726,26.65,-517,65.2,nan,nan,nan,1.031,0.707,12.45,5.35
76727,26.65,-516,65.2,nan,nan,nan,1.031,0.707,12.45,5.35
76728,26.65,-516,65.2,nan,nan,nan,1.031,0.707,12.45,5.35
76729,26.65,-516,65.2,nan,nan,nan,1.043,0.707,12.45,5.35
76730,26.65,-515,65.2,nan,nan,nan,1.069,0.707,12.45,5.35
76731,26.65,-514,65.2,nan,nan,nan,1.083,0.577,12.45,5.35
76732,26.8,-513,65.2,nan,nan,nan,1.058,0.471,12.45,5.35
76733,26.9,-512,65.2,nan,nan,nan,1.046,0.5,12.45,5.35
76734,26.9,-512,65.2,nan,nan,nan,0.535,0.509,12.45,5.35
76735,26.9,-511,65.2,nan,nan,nan,0.501,0.471,12.45,3.85
76736,26.95,-511,65.2,nan,nan,nan,0.501,0.506,12.45,3.85
76737,26.95,-511,65.2,nan,nan,nan,0.501,0.506,12.45,3.85
76738,26.95,-511,65.2,nan,nan,nan,0.501,0.506,12.45,3.85
76739,26.95,-511,65.2,nan,nan,nan,0.501,0.506,12.45,3.85
76740,26.95,-511,65.2,nan,nan,nan,0.501,0.5,12.45,3.85
76741,26.95,-510,65.2,nan,nan,nan,0.501,0.577,12.45,3.85
76742,26.95,-509,65.2,nan,nan,nan,0.501,0.707,12.45,3.85
76743,26.95,-508,65.2,nan,nan,nan,0.501,0.707,12.45,3.85
76744,26.95,-508,65.2,nan,nan,nan,0.502,nan,12.45,2.35
76745,26.95,-511,65.2,nan,nan,nan,0.5,nan,12.45,2.35
76746,26.65,-511,65.2,nan,nan,nan,0.501,0.707,12.45,2.35
76747,26.65,-510,65.2,nan,nan,nan,0.5,0.577,12.45,2.35
76748,26.8,-510,65.2,nan,nan,nan,0.501,0.577,12.45,2.35
76749,26.8,-510,65.2,nan,nan,nan,0.501,0.577,12.45,2.35
76750,26.8,-509,65.2,nan,nan,nan,0.501,0.577,12.45,2.35
76751,26.8,-509,65.2,nan,nan,nan,0.501,0.577,12.45,2.35
76752,26.8,-512,65.2,nan,nan,nan,0.5,0.548,12.45,2.35
76753,25.6,-512,65.2,nan,nan,nan,0.501,0.548,12.45,2.35
76754,25.6,-512,65.2,nan,nan,nan,0.501,0.548,12.45,2.35
76755,25.6,-511,65.2,nan,nan,nan,0.5,0.548,12.45,2.35
76756,26.95,-511,65.2,nan,nan,nan,0.501,0.548,12.45,2.35
76757,26.95,-511,65.2,nan,nan,nan,0.501,0.577,12.45,2.35
76758,26.95,-510,65.2,nan,nan,nan,0.501,0.577,12.45,2.35
76759,26.95,-510,65.2,nan,nan,nan,0.501,0.577,12.45,2.35
76760,26.95,-510,65.2,nan,nan,nan,0.501,0.577,12.45,2.35
76761,26.95,-510,65.2,nan,nan,nan,0.501,0.577,12.45,2.35
76762,26.95,-510,65.2,nan,nan,nan,0.501,0.707,12.45,2.35
76763,26.95,-510,65.2,nan,nan,nan,0.501,0.707,12.45,2.35
76764,26.95,-510,65.2,nan,nan,nan,0.501,nan,12.45,2.35
76765,26.95,-510,65.2,nan,nan,nan,0.501,nan,12.45,2.35
76766,26.95,-510,65.2,nan,nan,nan,0.501,nan,12.45,2.35
76767,26.95,-510,65.2,nan,nan,nan,0.501,nan,12.45,2.35
76768,26.95,-509,65.2,nan,nan,nan,0.501,nan,12.45,2.35
76769,26.95,-516,65.2,nan,nan,nan,0.501,nan,12.45,2.35
76770,24.9,-515,65.2,nan,nan,nan,0.501,0.707,12.45,2.05
76771,24.9,-515,65.2,nan,nan,nan,0.501,0.707,12.45,2.05
76772,24.9,-514,65.2,nan,nan,nan,0.501,0.707,12.45,2.05
76773,24.9,-514,65.2,nan,nan,nan,0.501,0.707,12.45,2.05
76774,24.9,-513,65.2,nan,nan,nan,0.501,0.707,12.45,2.05
76775,24.9,-512,65.2,nan,nan,nan,0.5,0.577,12.45,2.05
76776,25.25,-512,65.2,nan,nan,nan,0.501,0.577,12.45,2.05
76777,25.25,-512,65.2,nan,nan,nan,0.501,0.577,12.45,2.05
76778,25.25,-511,65.2,nan,nan,nan,0.5,0.577,12.45,2.05
76779,25.4,-511,65.2,nan,nan,nan,0.501,0.577,12.45,2.05
76780,25.4,-511,65.2,nan,nan,nan,0.501,0.577,12.45,2.05
76781,25.4,-510,65.2,nan,nan,nan,0.501,0.577,12.45,2.05
76782,25.4,-510,65.2,nan,nan,nan,0.501,0.577,12.45,2.05
76783,25.4,-510,65.2,nan,nan,nan,0.501,0.577,12.45,2.05
76784,25.4,-509,65.2,nan,nan,nan,0.501,0.577,12.45,2.05
76785,25.4,-509,65.2,nan,nan,nan,0.501,0.707,12.45,2.05
76786,25.4,-508,65.2,nan,nan,nan,0.5,0.577,12.45,2.05
76787,26.1,-508,65.2,nan,nan,nan,0.501,0.577,12.45,2.05
76788,26.1,-508,65.2,nan,nan,nan,0.501,0.707,12.45,2.05
76789,26.1,-508,65.2,nan,nan,nan,0.501,0.707,12.45,2.05
76790,26.1,-513,65.2,nan,nan,nan,0.5,0.577,12.45,2.05
76791,24.5,-513,65.2,nan,nan,nan,0.501,0.577,12.55,2.45
76792,24.5,-513,65.2,nan,nan,nan,0.501,0.577,12.55,2.45
76793,24.5,-513,65.2,nan,nan,nan,0.501,0.577,12.55,2.45
76794,24.5,-513,65.2,nan,nan,nan,0.501,0.577,12.55,2.45
76795,24.5,-512,65.2,nan,nan,nan,0.501,0.577,12.55,2.45
76796,24.5,-511,65.2,nan,nan,nan,0.501,0.707,12.55,2.45
76797,24.5,-511,65.2,nan,nan,nan,0.501,0.707,12.55,2.45
76798,24.5,-510,65.2,nan,nan,nan,0.5,0.577,12.55,2.45
76799,25.6,-509,65.2,nan,nan,nan,0.508,0.653,12.55,2.45
76800,26.95,-508,65.2,nan,nan,nan,0.51,0.653,12.55,2.45
76801,26.95,-508,65.2,nan,nan,nan,0.51,0.653,12.55,2.45
76802,26.95,-508,65.2,nan,nan,nan,0.51,0.653,12.55,2.45
76803,26.95,-508,65.2,nan,nan,nan,0.51,0.653,12.55,2.45
76804,26.95,-508,65.2,nan,nan,nan,0.51,0.653,12.55,2.45
76805,26.95,-508,65.2,nan,nan,nan,0.51,0.653,12.55,2.45
76806,26.95,-508,65.2,nan,nan,nan,0.51,0.653,12.55,2.45
76807,26.95,-508,65.2,nan,nan,nan,0.51,0.868,12.55,2.45
76808,26.95,-508,65.2,nan,nan,nan,0.51,nan,12.55,2.45
76809,26.95,-507,65.2,nan,nan,nan,0.51,nan,12.55,2.45
76810,26.95,-507,65.2,nan,nan,nan,0.511,nan,12.55,2.45
76811,26.95,-507,65.2,nan,nan,nan,0.51,nan,12.55,2.45
76812,26.95,-507,65.2,nan,nan,nan,0.51,nan,12.55,2.45
76813,26.95,-510,65.2,nan,nan,nan,0.508,nan,12.55,2.45
76814,24.9,-509,65.2,nan,nan,nan,0.51,0.707,12.55,2.45
76815,24.9,-509,65.2,nan,nan,nan,0.51,0.707,12.55,2.45
76816,24.9,-509,65.2,nan,nan,nan,0.51,0.707,12.55,2.45
76817,24.9,-509,65.2,nan,nan,nan,0.51,0.707,12.55,2.45
76818,24.9,-509,65.2,nan,nan,nan,0.51,0.707,12.55,2.45
76819,24.9,-509,65.2,nan,nan,nan,0.51,0.707,12.55,2.45
76820,24.9,-508,65.2,nan,nan,nan,0.508,0.577,12.55,2.45
76821,25.6,-508,65.2,nan,nan,nan,0.509,0.577,12.55,2.45
76822,25.6,-508,65.2,nan,nan,nan,0.509,0.577,12.55,2.45
76823,25.6,-508,65.2,nan,nan,nan,0.51,0.707,12.55,2.45
76824,25.6,-510,65.2,nan,nan,nan,0.508,0.577,12.55,2.45
76825,24.25,-511,65.2,nan,nan,nan,0.508,0.567,12.8,2.7
76826,24.2,-511,65.2,nan,nan,nan,0.508,0.541,12.85,2.75
76827,24.2,-510,65.2,nan,nan,nan,0.508,0.541,12.85,2.75
76828,24.2,-509,65.2,nan,nan,nan,0.507,0.541,12.85,2.75
76829,25.55,-509,65.2,nan,nan,nan,0.508,0.512,12.85,2.75
76830,25.55,-509,65.2,nan,nan,nan,0.508,0.541,12.85,2.75
76831,25.55,-509,65.2,nan,nan,nan,0.515,0.541,12.85,2.75
76832,25.55,-509,65.2,nan,nan,nan,0.516,0.541,12.85,2.75
76833,25.55,-509,65.2,nan,nan,nan,0.516,0.494,12.85,2.75
76834,25.55,-509,65.2,nan,nan,nan,0.516,0.577,12.85,2.75
76835,25.55,-509,65.2,nan,nan,nan,0.517,0.707,12.85,2.75
76836,25.55,-509,65.2,nan,nan,nan,0.517,0.707,12.85,2.75
76837,25.55,-509,65.2,nan,nan,nan,0.517,nan,12.85,2.75
76838,25.55,-509,65.2,nan,nan,nan,0.517,nan,12.85,2.75
76839,25.55,-509,65.2,nan,nan,nan,0.517,nan,12.85,2.75
76840,25.55,-509,65.2,nan,nan,nan,0.517,nan,12.85,2.75
76841,25.55,-509,65.2,nan,nan,nan,0.517,nan,12.85,2.75
76842,25.55,-509,65.2,nan,nan,nan,0.517,nan,12.85,2.75
76843,25.55,-510,65.2,nan,nan,nan,0.516,nan,12.85,2.75
76844,24.2,-509,65.2,nan,nan,nan,0.517,0.733,12.85,2.75
76845,24.25,-509,65.2,nan,nan,nan,0.517,0.588,12.85,2.75
76846,24.25,-508,65.2,nan,nan,nan,0.517,0.588,12.85,2.75
76847,24.25,-507,65.2,nan,nan,nan,0.518,0.588,12.85,2.75
76848,25.6,-507,65.2,nan,nan,nan,0.517,0.555,12.85,2.75
76849,25.6,-506,65.2,nan,nan,nan,0.517,0.555,12.85,2.75
76850,26.95,-506,65.2,nan,nan,nan,0.516,0.54,12.85,2.75
76851,26.95,-506,65.2,nan,nan,nan,0.516,0.54,12.85,2.75
76852,26.95,-506,65.2,nan,nan,nan,0.517,0.521,12.85,2.75
76853,26.95,-506,65.2,nan,nan,nan,0.517,0.548,12.85,2.75
76854,26.95,-506,65.2,nan,nan,nan,0.517,0.577,12.85,2.75
76855,26.95,-506,65.2,nan,nan,nan,0.519,0.577,12.85,2.75
76856,26.95,-506,65.2,nan,nan,nan,0.519,0.577,12.85,2.75
76857,26.95,-505,65.2,nan,nan,nan,0.519,0.707,12.85,2.75
76858,26.95,-505,65.2,nan,nan,nan,0.519,nan,12.85,2.75
76859,26.95,-505,65.2,nan,nan,nan,0.519,nan,12.85,2.75
76860,26.95,-505,65.2,nan,nan,nan,0.519,nan,12.85,2.75
76861,26.95,-505,65.2,nan,nan,nan,0.519,nan,12.85,2.75
76862,26.95,-505,65.2,nan,nan,nan,0.519,nan,12.85,2.75
76863,26.95,-505,65.2,nan,nan,nan,0.519,nan,12.85,2.75
76864,26.95,-505,65.2,nan,nan,nan,0.519,nan,12.85,2.75
76865,26.95,-504,65.2,nan,nan,nan,0.519,nan,12.85,2.75
76866,26.95,-504,65.2,nan,nan,nan,0.519,nan,12.85,2.75
76867,26.95,-504,65.2,nan,nan,nan,0.519,nan,12.85,2.75
76868,26.95,-503,65.2,nan,nan,nan,0.519,nan,12.85,2.75
76869,26.95,-503,65.2,nan,nan,nan,0.52,nan,12.85,2.75
76870,26.95,-503,65.2,nan,nan,nan,0.52,nan,12.85,2.75
76871,26.95,-503,65.2,nan,nan,nan,0.52,nan,12.85,2.75
76872,26.95,-503,65.2,nan,nan,nan,0.52,nan,12.85,2.75
76873,26.95,-503,65.2,nan,nan,nan,0.52,nan,12.85,2.75
76874,26.95,-503,65.2,nan,nan,nan,0.52,nan,12.85,2.75
76875,26.95,-502,65.2,nan,nan,nan,0.522,nan,12.85,2.75
76876,26.95,-502,65.2,nan,nan,nan,0.522,nan,12.85,2.75
76877,26.95,-501,65.2,nan,nan,nan,0.522,nan,12.85,2.75
76878,26.95,-501,65.2,nan,nan,nan,0.523,nan,12.85,2.75
76879,26.95,-501,65.2,nan,nan,nan,0.523,nan,12.85,2.75
76880,26.95,-500,65.2,nan,nan,nan,0.523,nan,12.85,2.75
76881,27.7,-500,65.2,nan,nan,nan,0.522,0.707,12.85,3.5
76882,27.7,-500,65.2,nan,nan,nan,0.522,0.707,12.85,3.5
76883,27.7,-500,65.2,nan,nan,nan,0.522,0.707,12.85,3.5
76884,27.7,-500,65.2,nan,nan,nan,0.522,0.707,12.85,3.5
76885,27.7,-499,65.2,nan,nan,nan,0.522,0.707,12.85,3.5
76886,27.7,-499,65.2,nan,nan,nan,0.523,0.707,12.85,3.5
76887,27.7,-499,65.2,nan,nan,nan,0.523,0.707,12.85,3.5
76888,27.7,-499,65.2,nan,nan,nan,0.523,0.707,12.85,3.5
76889,27.7,-499,65.2,nan,nan,nan,0.523,nan,12.85,3.5
76890,27.7,-498,65.2,nan,nan,nan,0.526,nan,12.85,3.5
76891,27.7,-498,65.2,nan,nan,nan,0.526,nan,12.85,3.5
76892,27.7,-498,65.2,nan,nan,nan,0.526,nan,12.85,3.5
76893,27.7,-498,65.2,nan,nan,nan,0.526,nan,12.85,3.5
76894,27.7,-498,65.2,nan,nan,nan,0.526,nan,12.85,3.5
76895,27.7,-498,65.2,nan,nan,nan,0.526,nan,12.85,3.5
76896,27.7,-498,65.2,nan,nan,nan,0.526,nan,12.85,3.5
76897,27.7,-498,65.2,nan,nan,nan,0.526,nan,12.85,3.5
76898,27.7,-498,65.2,nan,nan,nan,0.507,nan,12.85,3.5
76899,27.7,-498,65.2,nan,nan,nan,0.511,nan,12.85,3.5
76900,27.7,-498,65.2,nan,nan,nan,0.511,nan,12.85,3.5
76901,27.7,-498,65.2,nan,nan,nan,0.511,nan,12.85,3.5
76902,27.7,-498,65.2,nan,nan,nan,0.511,nan,12.85,3.5
76903,27.7,-498,65.2,nan,nan,nan,0.511,nan,12.85,3.5
76904,27.7,-498,65.2,nan,nan,nan,0.511,nan,12.85,3.5
76905,27.7,-498,65.2,nan,nan,nan,0.511,nan,12.85,3.5
76906,27.7,-498,65.2,nan,nan,nan,0.511,nan,12.85,3.5
76907,27.7,-497,65.2,nan,nan,nan,0.513,nan,12.85,3.5
76908,28.85,-497,65.2,nan,nan,nan,0.511,0.707,12.85,4.65
76909,28.85,-497,65.2,nan,nan,nan,0.511,0.707,12.85,4.65
76910,28.85,-497,65.2,nan,nan,nan,0.511,0.707,12.85,4.65
76911,28.85,-497,65.2,nan,nan,nan,0.511,0.707,12.85,4.65
76912,28.85,-496,65.2,nan,nan,nan,0.511,0.577,12.85,4.65
76913,30.55,-496,65.2,nan,nan,nan,0.511,0.577,12.85,6.35
76914,30.55,-495,65.2,nan,nan,nan,0.512,0.548,12.85,6.35
76915,30.7,-495,65.2,nan,nan,nan,0.51,0.548,12.85,6.5
76916,30.7,-495,65.2,nan,nan,nan,0.51,0.548,12.85,6.5
76917,30.7,-495,65.2,nan,nan,nan,0.51,0.577,12.85,6.5
76918,30.7,-494,65.2,nan,nan,nan,0.51,0.577,12.85,6.5
76919,30.7,-494,65.2,nan,nan,nan,0.507,0.577,12.85,6.5
76920,30.7,-494,65.2,nan,nan,nan,0.511,0.577,12.85,6.5
76921,30.7,-494,65.2,nan,nan,nan,0.511,0.577,12.85,6.5
76922,30.7,-507,65.2,nan,nan,nan,0.512,0.577,12.85,6.5
76923,28.05,-507,65.2,nan,nan,nan,0.507,0.577,12.85,6.5
76924,28.05,-506,65.2,nan,nan,nan,0.512,0.707,12.85,6.5
76925,28.05,-505,65.2,nan,nan,nan,0.515,0.577,12.85,6.5
76926,28.65,-504,65.2,nan,nan,nan,0.514,0.577,12.85,6.5
76927,28.65,-504,65.2,nan,nan,nan,0.512,0.577,12.85,6.5
76928,28.65,-504,65.2,nan,nan,nan,0.515,0.577,12.85,6.5
76929,28.65,-504,65.2,nan,nan,nan,0.515,0.577,12.85,6.5
76930,28.65,-503,65.2,nan,nan,nan,0.515,0.577,12.85,6.5
76931,28.65,-503,65.2,nan,nan,nan,0.515,0.577,12.85,6.5
76932,28.65,-503,65.2,nan,nan,nan,0.515,0.707,12.85,6.5
76933,28.65,-502,65.2,nan,nan,nan,0.515,0.707,12.85,6.5
76934,28.65,-502,65.2,nan,nan,nan,0.515,nan,12.85,6.5
76935,28.65,-501,65.2,nan,nan,nan,0.515,nan,12.85,6.5
76936,28.65,-501,65.2,nan,nan,nan,0.515,nan,12.85,6.5
76937,28.65,-501,65.2,nan,nan,nan,0.515,nan,12.85,6.5
76938,28.65,-501,65.2,nan,nan,nan,0.515,nan,12.85,6.5
76939,28.65,-500,65.2,nan,nan,nan,0.515,nan,12.85,6.5
76940,28.9,-500,65.2,nan,nan,nan,0.514,0.707,12.85,6.5
76941,28.9,-500,65.2,nan,nan,nan,0.514,0.707,12.85,6.5
76942,28.9,-500,65.2,nan,nan,nan,0.512,0.707,12.85,6.5
76943,28.9,-500,65.2,nan,nan,nan,0.513,0.707,12.85,6.5
76944,28.9,-500,65.2,nan,nan,nan,0.514,0.707,12.85,6.45
76945,28.9,-500,65.2,nan,nan,nan,0.514,0.707,12.85,6.45
76946,28.9,-500,65.2,nan,nan,nan,0.514,0.707,12.85,6.45
76947,28.9,-499,65.2,nan,nan,nan,0.516,0.707,12.85,5.1
76948,28.9,-499,65.2,nan,nan,nan,0.516,nan,12.85,5.1
76949,28.9,-498,65.2,nan,nan,nan,0.519,nan,12.85,3.75
76950,28.9,-498,65.2,nan,nan,nan,0.519,nan,12.85,3.75
76951,28.9,-500,65.2,nan,nan,nan,0.516,nan,12.85,3.75
76952,28.05,-500,65.2,nan,nan,nan,0.516,0.707,12.85,3.75
76953,28.05,-499,65.2,nan,nan,nan,0.516,0.707,12.85,3.75
76954,28.05,-499,65.2,nan,nan,nan,0.516,0.707,12.85,3.75
76955,28.05,-498,65.2,nan,nan,nan,0.516,0.707,12.85,3.75
76956,28.05,-497,65.2,nan,nan,nan,0.516,0.707,12.85,3.75
76957,28.05,-497,65.2,nan,nan,nan,0.516,0.707,12.85,3.75
76958,28.05,-496,65.2,nan,nan,nan,0.514,0.577,12.85,3.75
76959,28.85,-496,65.2,nan,nan,nan,0.514,0.577,12.85,3.75
76960,28.85,-496,65.2,nan,nan,nan,0.514,0.577,12.85,3.75
76961,28.85,-495,65.2,nan,nan,nan,0.513,0.577,12.85,3.75
76962,30.55,-495,65.2,nan,nan,nan,0.513,0.577,12.85,3.75
76963,30.55,-495,65.2,nan,nan,nan,0.513,0.577,12.85,3.75
76964,30.55,-495,65.2,nan,nan,nan,0.513,0.577,12.85,3.75
76965,30.55,-494,65.2,nan,nan,nan,0.513,0.577,12.85,3.75
76966,30.55,-494,65.2,nan,nan,nan,0.513,0.577,12.85,3.75
76967,30.55,-493,65.2,nan,nan,nan,0.513,0.577,12.85,3.75
76968,30.55,-493,65.2,nan,nan,nan,0.513,0.707,12.85,3.75
76969,30.55,-493,65.2,nan,nan,nan,0.513,0.707,12.85,3.75
76970,30.55,-493,65.2,nan,nan,nan,0.513,nan,12.85,3.75
76971,30.55,-493,65.2,nan,nan,nan,0.513,nan,12.85,3.75
76972,30.55,-493,65.2,nan,nan,nan,0.513,nan,12.85,3.75
76973,30.55,-493,65.2,nan,nan,nan,0.513,nan,12.85,3.75
76974,30.55,-493,65.2,nan,nan,nan,0.513,nan,12.85,3.75
76975,30.55,-499,65.2,nan,nan,nan,0.512,nan,12.85,3.75
76976,27.95,-499,65.2,nan,nan,nan,0.512,0.707,12.85,3.75
76977,27.95,-503,65.2,nan,nan,nan,0.511,0.577,12.85,3.75
76978,25.4,-503,65.2,nan,nan,nan,0.511,0.577,12.85,5.3
76979,25.4,-503,65.2,nan,nan,nan,0.511,0.577,12.85,5.3
76980,25.4,-503,65.2,nan,nan,nan,0.512,0.577,12.85,5.3
76981,25.4,-503,65.2,nan,nan,nan,0.512,0.577,12.85,5.3
76982,25.4,-502,65.2,nan,nan,nan,0.512,0.577,12.85,5.3
76983,25.4,-501,65.2,nan,nan,nan,0.512,0.577,12.85,5.3
76984,25.4,-500,65.2,nan,nan,nan,0.511,0.577,12.85,5.3
76985,26.6,-500,65.2,nan,nan,nan,0.511,0.577,12.85,5.3
76986,26.6,-500,65.2,nan,nan,nan,0.511,0.577,12.85,5.3
76987,26.6,-500,65.2,nan,nan,nan,0.511,0.707,12.85,5.3
76988,26.6,-499,65.2,nan,nan,nan,0.51,0.577,12.85,5.3
76989,28.45,-498,65.2,nan,nan,nan,0.505,0.541,12.85,5.3
76990,28.7,-498,65.2,nan,nan,nan,0.505,0.526,12.85,5.3
76991,28.7,-498,65.2,nan,nan,nan,0.505,0.526,12.85,5.3
76992,28.7,-498,65.2,nan,nan,nan,0.505,0.526,12.85,5.3
76993,28.7,-498,65.2,nan,nan,nan,0.505,0.482,12.85,5.3
76994,28.7,-497,65.2,nan,nan,nan,0.505,0.543,12.85,5.3
76995,28.7,-497,65.2,nan,nan,nan,0.505,0.543,12.85,5.3
76996,28.7,-497,65.2,nan,nan,nan,0.505,0.543,12.85,5.3
76997,28.7,-497,65.2,nan,nan,nan,0.505,0.096,12.85,5.3
76998,28.7,-496,65.2,nan,nan,nan,0.505,nan,12.85,5.3
76999,28.7,-496,65.2,nan,nan,nan,0.505,nan,12.85,5.3
77000,28.7,-496,65.2,nan,nan,nan,0.505,nan,12.85,5.3
77001,28.7,-496,65.2,nan,nan,nan,0.505,nan,12.85,5.3
77002,28.7,-496,65.2,nan,nan,nan,0.505,nan,12.85,5.3
77003,28.7,-496,65.2,nan,nan,nan,0.505,nan,12.85,5.3
77004,28.7,-496,65.2,nan,nan,nan,0.505,nan,12.85,5.3
77005,28.7,-495,65.2,nan,nan,nan,0.505,nan,12.85,5.3
77006,28.85,-495,65.2,nan,nan,nan,0.504,0.707,12.85,5.3
77007,28.85,-495,65.2,nan,nan,nan,0.505,0.707,12.85,5.3
77008,28.85,-495,65.2,nan,nan,nan,0.505,0.707,12.85,5.3
77009,28.85,-495,65.2,nan,nan,nan,0.505,0.707,12.85,5.3
77010,28.85,-494,65.2,nan,nan,nan,0.505,0.577,12.85,5.3
77011,28.95,-493,65.2,nan,nan,nan,0.504,0.577,12.85,5.3
77012,28.95,-493,65.2,nan,nan,nan,0.505,0.577,12.85,5.3
77013,28.95,-492,65.2,nan,nan,nan,0.504,0.577,12.85,5.3
77014,28.95,-492,65.2,nan,nan,nan,0.505,0.577,12.85,5.3
77015,28.95,-492,65.2,nan,nan,nan,0.505,0.707,12.85,5.3
77016,28.95,-492,65.2,nan,nan,nan,0.505,0.707,12.85,5.3
77017,28.95,-491,65.2,nan,nan,nan,0.505,0.577,12.85,5.3
77018,29.85,-491,65.2,nan,nan,nan,0.505,0.577,12.85,5.3
77019,29.85,-490,65.2,nan,nan,nan,0.505,0.577,12.85,5.3
77020,30.35,-490,65.2,nan,nan,nan,0.505,0.577,12.85,5.3
77021,30.35,-489,65.2,nan,nan,nan,0.504,0.577,12.85,5.3
77022,30.35,-488,65.2,nan,nan,nan,0.505,0.548,12.85,5.15
77023,30.6,-488,65.2,nan,nan,nan,0.505,0.548,12.85,5.2
77024,30.6,-488,65.2,nan,nan,nan,0.504,0.548,12.85,5.2
77025,30.6,-488,65.2,nan,nan,nan,0.505,0.548,12.85,5.2
77026,30.6,-487,65.2,nan,nan,nan,0.505,0.548,12.85,5.2
77027,30.6,-487,65.2,nan,nan,nan,0.505,0.577,12.85,5.2
77028,30.6,-487,65.2,nan,nan,nan,0.505,0.577,12.85,5.2
77029,30.6,-487,65.2,nan,nan,nan,0.505,0.707,12.85,5.2
77030,30.6,-486,65.2,nan,nan,nan,0.505,0.707,12.85,5.2
77031,30.6,-486,65.2,nan,nan,nan,0.505,nan,12.85,5.2
77032,30.6,-486,65.2,nan,nan,nan,0.505,nan,12.85,5.2
77033,30.6,-486,65.2,nan,nan,nan,0.505,nan,12.85,5.2
77034,30.6,-486,65.2,nan,nan,nan,0.505,nan,12.85,5.2
77035,30.6,-486,65.2,nan,nan,nan,0.505,nan,12.85,5.2
77036,30.6,-486,65.2,nan,nan,nan,0.505,nan,12.85,5.2
77037,30.6,-486,65.2,nan,nan,nan,0.505,nan,12.85,5.2
77038,30.6,-486,65.2,nan,nan,nan,0.504,nan,12.85,5.2
77039,30.6,-485,65.2,nan,nan,nan,0.505,nan,12.85,5.2
77040,32.3,-485,65.2,nan,nan,nan,0.505,0.707,12.85,6.9
77041,32.3,-485,65.2,nan,nan,nan,0.505,0.707,12.85,6.9
77042,32.3,-485,65.2,nan,nan,nan,0.505,0.707,12.85,6.9
77043,32.3,-485,65.2,nan,nan,nan,0.505,0.707,12.85,6.9
77044,32.3,-485,65.2,nan,nan,nan,0.505,0.707,12.85,6.9
77045,32.3,-485,65.2,nan,nan,nan,0.505,0.707,12.85,6.9
77046,32.3,-484,65.2,nan,nan,nan,0.505,0.577,12.85,6.9
77047,34.05,-483,65.2,nan,nan,nan,0.503,0.495,12.85,8.65
77048,35.75,-483,65.2,nan,nan,nan,0.504,0.569,12.85,10.35
77049,35.75,-483,65.2,nan,nan,nan,0.504,0.569,12.85,10.35
77050,35.75,-483,65.2,nan,nan,nan,0.504,0.569,12.85,10.35
77051,35.75,-483,65.2,nan,nan,nan,0.504,0.569,12.85,10.35
77052,35.75,-483,65.2,nan,nan,nan,0.504,0.569,12.85,10.35
77053,35.75,-483,65.2,nan,nan,nan,0.504,0.569,12.85,10.35
77054,35.75,-483,65.2,nan,nan,nan,0.504,0.569,12.85,10.35
77055,35.75,-483,65.2,nan,nan,nan,0.504,0.687,12.85,10.35
77056,35.75,-483,65.2,nan,nan,nan,0.504,nan,12.85,10.35
77057,35.75,-482,65.2,nan,nan,nan,0.504,nan,12.85,10.35
77058,37.55,-482,65.2,nan,nan,nan,0.504,0.707,13.35,12.15
77059,37.55,-482,65.2,nan,nan,nan,0.504,0.707,13.35,12.15
77060,37.55,-482,65.2,nan,nan,nan,0.504,0.707,13.35,12.15
77061,37.55,-482,65.2,nan,nan,nan,0.504,0.707,13.35,12.15
77062,37.55,-482,65.2,nan,nan,nan,0.504,0.707,13.35,12.15
77063,37.55,-481,65.2,nan,nan,nan,0.504,0.707,13.35,12.15
77064,37.55,-481,65.2,nan,nan,nan,0.504,0.707,13.35,12.15
77065,37.55,-480,65.2,nan,nan,nan,0.504,0.707,13.35,12.15
77066,37.55,-479,65.2,nan,nan,nan,0.504,nan,13.35,12.15
77067,37.55,-479,65.2,nan,nan,nan,0.504,nan,13.35,12.15
77068,37.55,-479,65.2,nan,nan,nan,0.504,nan,13.35,12.15
77069,37.55,-479,65.2,nan,nan,nan,0.504,nan,13.35,12.15
77070,37.55,-479,65.2,nan,nan,nan,0.504,nan,13.35,12.15
77071,37.55,-479,65.2,nan,nan,nan,0.504,nan,13.35,12.15
77072,37.55,-479,65.2,nan,nan,nan,0.504,nan,13.35,12.15
77073,37.55,-478,65.2,nan,nan,nan,0.504,nan,13.35,12.15
77074,37.55,-478,65.2,nan,nan,nan,0.504,nan,13.35,12.15
77075,37.55,-477,65.2,nan,nan,nan,0.505,nan,13.35,12.15
77076,37.55,-477,65.2,nan,nan,nan,0.504,nan,13.35,12.15
77077,37.55,-476,65.2,nan,nan,nan,0.505,nan,13.35,12.15
77078,37.55,-476,65.2,nan,nan,nan,0.505,nan,13.35,12.15
77079,37.55,-476,65.2,nan,nan,nan,0.505,nan,13.35,12.15
77080,37.55,-475,65.2,nan,nan,nan,0.505,nan,13.35,12.15
77081,37.55,-475,65.2,nan,nan,nan,0.505,nan,13.35,12.15
77082,37.55,-475,65.2,nan,nan,nan,0.505,nan,13.35,12.15
77083,37.55,-474,65.2,nan,nan,nan,0.505,nan,13.35,12.15
77084,37.55,-474,65.2,nan,nan,nan,0.505,nan,13.35,10.95
77085,37.55,-474,65.2,nan,nan,nan,0.505,nan,13.35,10.95
77086,37.55,-474,65.2,nan,nan,nan,0.505,nan,13.35,10.95
77087,37.55,-474,65.2,nan,nan,nan,0.505,nan,13.35,10.95
77088,37.55,-473,65.2,nan,nan,nan,0.513,nan,13.35,9.1
77089,37.55,-472,65.2,nan,nan,nan,0.513,nan,13.35,8.85
77090,37.55,-472,65.2,nan,nan,nan,0.513,nan,13.35,8.85
77091,37.55,-471,65.2,nan,nan,nan,0.513,nan,13.35,8.85
77092,37.55,-470,65.2,nan,nan,nan,0.513,nan,13.35,8.85
77093,37.55,-470,65.2,nan,nan,nan,0.513,nan,13.35,8.85
77094,37.55,-470,65.2,nan,nan,nan,0.513,nan,13.35,8.85
77095,37.55,-470,65.2,nan,nan,nan,0.513,nan,13.35,8.85
77096,37.55,-479,65.2,nan,nan,nan,0.51,nan,13.35,8.85
77097,34.8,-485,65.2,nan,nan,nan,0.512,0.077,13.35,8.85
77098,31.75,-484,65.2,nan,nan,nan,0.515,0.611,13.35,8.85
77099,31.75,-484,65.2,nan,nan,nan,0.515,0.611,13.35,8.85
77100,31.75,-484,65.2,nan,nan,nan,0.515,0.611,13.35,8.85
77101,31.75,-484,65.2,nan,nan,nan,0.515,0.611,13.35,8.85
77102,31.75,-484,65.2,nan,nan,nan,0.515,0.611,13.35,8.85
77103,31.75,-484,65.2,nan,nan,nan,0.515,0.611,13.35,8.85
77104,31.75,-484,65.2,nan,nan,nan,0.518,0.611,13.35,8.85
77105,31.75,-484,65.2,nan,nan,nan,0.516,0.784,13.35,8.7
77106,31.75,-484,65.2,nan,nan,nan,0.516,nan,13.35,8.7
77107,31.75,-484,65.2,nan,nan,nan,0.516,nan,13.35,8.7
77108,31.75,-484,65.2,nan,nan,nan,0.516,nan,13.35,8.7
77109,31.75,-484,65.2,nan,nan,nan,0.52,nan,13.35,8.7
77110,31.75,-484,65.2,nan,nan,nan,0.518,nan,13.35,8.6
77111,31.75,-484,65.2,nan,nan,nan,0.518,nan,13.35,8.6
77112,31.75,-484,65.2,nan,nan,nan,0.518,nan,13.35,8.6
77113,31.75,-484,65.2,nan,nan,nan,0.518,nan,13.35,8.6
77114,31.75,-484,65.2,nan,nan,nan,0.518,nan,13.35,8.6
77115,31.75,-484,65.2,nan,nan,nan,0.518,nan,13.35,8.6
77116,31.75,-483,65.2,nan,nan,nan,0.522,nan,13.35,8.6
77117,31.75,-483,65.2,nan,nan,nan,0.52,nan,13.35,7.7
77118,31.75,-483,65.2,nan,nan,nan,0.526,nan,13.35,7.7
77119,31.75,-483,65.2,nan,nan,nan,0.522,nan,13.35,7.2
77120,31.75,-482,65.2,nan,nan,nan,0.522,nan,13.35,7.2
77121,31.75,-482,65.2,nan,nan,nan,0.53,nan,13.35,7.2
77122,31.75,-482,65.2,nan,nan,nan,0.525,nan,13.35,6.95
77123,31.75,-482,65.2,nan,nan,nan,0.525,nan,13.35,6.95
77124,31.75,-482,65.2,nan,nan,nan,0.525,nan,13.35,6.95
77125,31.75,-482,65.2,nan,nan,nan,0.525,nan,13.35,6.95
77126,31.75,-482,65.2,nan,nan,nan,0.525,nan,13.35,6.95
77127,31.75,-482,65.2,nan,nan,nan,0.525,nan,13.35,6.95
77128,31.75,-482,65.2,nan,nan,nan,0.525,nan,13.35,6.95
77129,31.75,-481,65.2,nan,nan,nan,0.525,nan,13.35,6.95
77130,31.75,-481,65.2,nan,nan,nan,0.525,nan,13.35,6.95
77131,31.75,-481,65.2,nan,nan,nan,0.525,nan,13.35,6.95
77132,31.75,-481,65.2,nan,nan,nan,0.525,nan,13.35,6.95
77133,31.75,-481,65.2,nan,nan,nan,0.525,nan,13.35,6.95
77134,31.75,-480,65.2,nan,nan,nan,0.511,nan,13.35,6.95
77135,33.05,-480,65.2,nan,nan,nan,0.522,0.707,13.35,6.95
77136,33.05,-480,65.2,nan,nan,nan,0.522,0.707,13.35,6.95
77137,33.05,-480,65.2,nan,nan,nan,0.522,0.707,13.35,6.95
77138,33.05,-480,65.2,nan,nan,nan,0.53,0.707,13.35,6.95
77139,33.05,-480,65.2,nan,nan,nan,0.525,0.707,13.35,5.8
77140,33.05,-480,65.2,nan,nan,nan,0.525,0.707,13.35,5.8
77141,33.05,-480,65.2,nan,nan,nan,0.525,0.707,13.35,5.8
77142,33.05,-480,65.2,nan,nan,nan,0.525,0.707,13.35,5.8
77143,33.05,-480,65.2,nan,nan,nan,0.525,nan,13.35,5.8
77144,33.05,-480,65.2,nan,nan,nan,0.525,nan,13.35,5.8
77145,33.05,-480,65.2,nan,nan,nan,0.537,nan,13.35,5.8
77146,33.05,-480,65.2,nan,nan,nan,0.55,nan,13.35,5.8
77147,33.05,-481,65.2,nan,nan,nan,0.53,nan,13.35,5.8
77148,30.9,-481,65.2,nan,nan,nan,0.54,0.707,13.35,6.65
77149,30.9,-481,65.2,nan,nan,nan,0.54,0.707,13.35,6.65
77150,30.9,-480,65.2,nan,nan,nan,0.527,0.577,13.35,6.65
77151,33.05,-480,65.2,nan,nan,nan,0.533,0.577,13.35,6.65
77152,33.05,-480,65.2,nan,nan,nan,0.533,0.577,13.35,6.65
77153,33.05,-479,65.2,nan,nan,nan,0.524,0.548,13.35,6.65
77154,35.2,-478,65.2,nan,nan,nan,0.528,0.548,13.35,6.65
77155,35.2,-478,65.2,nan,nan,nan,0.528,0.548,13.35,6.65
77156,35.2,-478,65.2,nan,nan,nan,0.533,0.548,13.35,6.65
77157,35.2,-478,65.2,nan,nan,nan,0.533,0.577,13.35,6.65
77158,35.2,-478,65.2,nan,nan,nan,0.533,0.577,13.35,6.65
77159,35.2,-478,65.2,nan,nan,nan,0.533,0.577,13.35,6.65
77160,35.2,-478,65.2,nan,nan,nan,0.533,0.707,13.35,6.65
77161,35.2,-478,65.2,nan,nan,nan,0.533,0.707,13.35,6.65
77162,35.2,-478,65.2,nan,nan,nan,0.533,nan,13.35,6.65
77163,35.2,-478,65.2,nan,nan,nan,0.533,nan,13.35,6.65
77164,35.2,-477,65.2,nan,nan,nan,0.533,nan,13.35,6.65
77165,35.2,-476,65.2,nan,nan,nan,0.524,nan,13.35,6.65
77166,35.45,-476,65.2,nan,nan,nan,0.528,0.707,13.35,6.65
77167,35.45,-475,65.2,nan,nan,nan,0.528,0.707,13.35,6.65
77168,35.45,-475,65.2,nan,nan,nan,0.528,0.707,13.35,6.65
77169,35.45,-475,65.2,nan,nan,nan,0.528,0.707,13.35,6.65
77170,35.45,-475,65.2,nan,nan,nan,0.528,0.707,13.35,6.65
77171,35.45,-475,65.2,nan,nan,nan,0.528,0.707,13.35,6.65
77172,35.45,-475,65.2,nan,nan,nan,0.528,0.707,13.35,6.65
77173,35.45,-475,65.2,nan,nan,nan,0.528,0.707,13.35,6.65
77174,35.45,-475,65.2,nan,nan,nan,0.528,nan,13.35,6.65
77175,35.45,-475,65.2,nan,nan,nan,0.528,nan,13.35,6.65
77176,35.45,-475,65.2,nan,nan,nan,0.528,nan,13.35,6.65
77177,35.45,-474,65.2,nan,nan,nan,0.521,nan,13.35,6.65
77178,36.4,-474,65.2,nan,nan,nan,0.524,0.707,13.35,6.65
77179,36.4,-474,65.2,nan,nan,nan,0.524,0.707,13.35,6.65
77180,36.4,-474,65.2,nan,nan,nan,0.524,0.707,13.35,6.65
77181,36.4,-474,65.2,nan,nan,nan,0.524,0.707,13.35,6.65
77182,36.4,-479,65.2,nan,nan,nan,0.519,0.577,13.35,6.65
77183,32.5,-479,65.2,nan,nan,nan,0.521,0.577,13.35,6.65
77184,32.5,-478,65.2,nan,nan,nan,0.517,0.548,13.35,6.65
77185,33.55,-477,65.2,nan,nan,nan,0.519,0.548,13.35,6.65
77186,33.55,-476,65.2,nan,nan,nan,0.519,0.548,13.35,6.65
77187,33.55,-475,65.2,nan,nan,nan,0.516,0.548,13.35,6.65
77188,35.05,-475,65.2,nan,nan,nan,0.517,0.548,13.35,6.65
77189,35.05,-476,65.2,nan,nan,nan,0.515,0.535,13.35,6.65
77190,32.9,-476,65.2,nan,nan,nan,0.516,0.535,13.35,6.65
77191,32.9,-476,65.2,nan,nan,nan,0.516,0.535,13.35,6.65
77192,32.9,-483,65.2,nan,nan,nan,0.514,0.535,13.35,6.65
77193,30.85,-483,65.2,nan,nan,nan,0.515,0.535,13.35,6.7
77194,30.85,-483,65.2,nan,nan,nan,0.515,0.548,13.35,6.7
77195,30.85,-483,65.2,nan,nan,nan,0.516,0.548,13.35,6.7
77196,30.85,-483,65.2,nan,nan,nan,0.511,0.548,13.35,5.55
77197,30.85,-482,65.2,nan,nan,nan,0.512,0.577,13.35,5.55
77198,30.85,-481,65.2,nan,nan,nan,0.511,0.577,13.35,5.55
77199,31.1,-480,65.2,nan,nan,nan,0.511,0.577,13.35,5.55
77200,31.1,-480,65.2,nan,nan,nan,0.511,0.577,13.35,5.55
77201,31.1,-480,65.2,nan,nan,nan,0.511,0.577,13.35,5.55
77202,31.1,-479,65.2,nan,nan,nan,0.511,0.707,13.35,5.55
77203,31.1,-479,65.2,nan,nan,nan,0.511,0.707,13.35,5.55
77204,31.1,-479,65.2,nan,nan,nan,0.511,0.707,13.35,5.55
77205,31.1,-479,65.2,nan,nan,nan,0.511,0.707,13.35,5.55
77206,31.1,-479,65.2,nan,nan,nan,0.511,0.707,13.35,5.55
77207,31.1,-479,65.2,nan,nan,nan,0.511,nan,13.35,5.55
77208,31.1,-478,65.2,nan,nan,nan,0.511,nan,13.35,5.55
77209,31.1,-478,65.2,nan,nan,nan,0.511,nan,13.35,5.55
77210,31.1,-478,65.2,nan,nan,nan,0.511,nan,13.35,5.55
77211,31.1,-478,65.2,nan,nan,nan,0.511,nan,13.35,5.55
77212,31.1,-477,65.2,nan,nan,nan,0.511,nan,13.35,5.55
77213,31.1,-477,65.2,nan,nan,nan,0.511,nan,13.35,5.55
77214,31.1,-477,65.2,nan,nan,nan,0.511,nan,13.35,5.55
77215,31.1,-477,65.2,nan,nan,nan,0.511,nan,13.35,5.55
77216,31.1,-477,65.2,nan,nan,nan,0.511,nan,13.35,5.55
77217,31.1,-476,65.2,nan,nan,nan,0.51,nan,13.35,5.55
77218,32.1,-476,65.2,nan,nan,nan,0.51,0.707,13.35,5.55
77219,32.1,-476,65.2,nan,nan,nan,0.51,0.707,13.35,5.55
77220,32.1,-476,65.2,nan,nan,nan,0.51,0.707,13.35,5.55
77221,32.1,-476,65.2,nan,nan,nan,0.51,0.707,13.35,5.55
77222,32.1,-476,65.2,nan,nan,nan,0.51,0.707,13.35,5.55
77223,32.1,-475,65.2,nan,nan,nan,0.509,0.577,13.35,5.55
77224,32.7,-474,65.2,nan,nan,nan,0.765,1.533,13.35,5.55
77225,34.85,-474,65.2,nan,nan,nan,0.76,1.467,13.35,5.55
77226,34.85,-473,65.2,nan,nan,nan,0.75,1.467,13.35,5.55
77227,36.25,-472,65.2,nan,nan,nan,0.746,1.467,13.35,5.55
77228,36.25,-472,65.2,nan,nan,nan,0.746,1.467,13.35,5.55
77229,36.25,-472,65.2,nan,nan,nan,0.746,1.467,13.35,5.55
77230,36.25,-472,65.2,nan,nan,nan,0.746,1.467,13.35,5.55
77231,36.25,-471,65.2,nan,nan,nan,0.737,1.313,13.35,5.55
77232,36.9,-471,65.2,nan,nan,nan,0.734,1.389,13.35,6.05
77233,36.9,-471,65.2,nan,nan,nan,0.742,0.548,13.35,6.05
77234,36.9,-471,65.2,nan,nan,nan,0.746,0.577,13.35,6.05
77235,36.9,-471,65.2,nan,nan,nan,0.746,0.577,13.35,6.05
77236,36.9,-471,65.2,nan,nan,nan,0.746,0.707,13.35,6.05
77237,36.9,-470,65.2,nan,nan,nan,0.746,0.707,13.35,6.05
77238,36.9,-470,65.2,nan,nan,nan,0.746,0.707,13.35,6.05
77239,36.9,-469,65.2,nan,nan,nan,0.746,0.707,13.35,6.05
77240,36.9,-468,65.2,nan,nan,nan,0.746,nan,13.35,6.05
77241,36.9,-467,65.2,nan,nan,nan,0.746,nan,13.35,6.05
77242,36.9,-466,65.2,nan,nan,nan,0.746,nan,13.35,6.05
77243,36.9,-466,65.2,nan,nan,nan,0.746,nan,13.35,6.05
77244,36.9,-465,65.2,nan,nan,nan,0.737,nan,13.35,6.05
77245,38.0,-465,65.2,nan,nan,nan,0.734,0.707,13.8,7.15
77246,38.0,-468,65.2,nan,nan,nan,0.734,0.577,13.8,7.15
77247,35.5,-468,65.2,nan,nan,nan,0.734,0.577,13.8,7.15
77248,35.5,-468,65.2,nan,nan,nan,0.734,0.577,13.8,7.15
77249,35.5,-468,65.2,nan,nan,nan,0.742,0.577,13.8,7.15
77250,35.5,-469,65.2,nan,nan,nan,0.737,0.548,13.8,7.15
77251,34.1,-469,65.2,nan,nan,nan,0.734,0.548,13.8,7.15
77252,34.1,-469,65.2,nan,nan,nan,0.742,0.548,13.8,7.15
77253,34.1,-468,65.2,nan,nan,nan,0.737,0.548,13.8,7.15
77254,35.1,-467,65.2,nan,nan,nan,0.734,0.548,13.8,7.15
77255,35.1,-467,65.2,nan,nan,nan,0.734,0.548,13.8,7.15
77256,35.1,-467,65.2,nan,nan,nan,0.734,0.577,13.8,7.15
77257,35.1,-467,65.2,nan,nan,nan,0.734,0.577,13.8,7.15
77258,35.1,-466,65.2,nan,nan,nan,0.726,0.548,13.8,7.15
77259,36.95,-469,65.2,nan,nan,nan,0.782,0.936,13.8,7.15
77260,34.6,-468,65.2,nan,nan,nan,0.776,0.936,13.8,7.15
77261,34.6,-468,65.2,nan,nan,nan,0.776,0.936,13.8,7.15
77262,34.6,-468,65.2,nan,nan,nan,0.776,0.93,13.8,7.15
77263,34.6,-468,65.2,nan,nan,nan,0.776,1.138,13.8,7.15
77264,34.6,-468,65.2,nan,nan,nan,0.784,1.138,13.8,7.15
77265,34.6,-468,65.2,nan,nan,nan,0.79,1.138,13.8,7.15
77266,34.6,-468,65.2,nan,nan,nan,0.79,1.138,13.8,7.15
77267,34.6,-468,65.2,nan,nan,nan,0.79,0.898,13.8,7.15
77268,34.6,-468,65.2,nan,nan,nan,0.79,nan,13.8,7.15
77269,34.6,-468,65.2,nan,nan,nan,0.79,nan,13.8,7.15
77270,34.6,-468,65.2,nan,nan,nan,0.79,nan,13.8,7.15
77271,34.6,-469,65.2,nan,nan,nan,0.782,nan,13.8,7.15
77272,33.6,-469,65.2,nan,nan,nan,0.776,0.707,13.8,7.15
77273,33.6,-469,65.2,nan,nan,nan,0.776,0.707,13.8,7.15
77274,33.6,-468,65.2,nan,nan,nan,0.776,0.707,13.8,7.15
77275,33.6,-467,65.2,nan,nan,nan,0.769,0.577,13.8,7.15
77276,35.95,-467,65.2,nan,nan,nan,0.771,0.577,13.8,7.15
77277,35.95,-467,65.2,nan,nan,nan,0.776,0.577,13.8,7.15
77278,35.95,-467,65.2,nan,nan,nan,0.776,0.577,13.8,7.15
77279,35.95,-467,65.2,nan,nan,nan,0.776,0.577,13.8,7.15
77280,35.95,-467,65.2,nan,nan,nan,0.776,0.577,13.8,7.15
77281,35.95,-466,65.2,nan,nan,nan,0.776,0.577,13.8,7.15
77282,38.75,-466,65.2,nan,nan,nan,0.776,0.577,14.55,7.9
77283,38.75,-465,65.2,nan,nan,nan,0.776,0.548,14.55,7.9
77284,39.3,-465,65.2,nan,nan,nan,0.776,0.548,15.1,8.45
77285,39.3,-465,65.2,nan,nan,nan,0.776,0.577,15.1,8.45
77286,39.3,-465,65.2,nan,nan,nan,0.784,0.577,15.1,8.45
77287,39.3,-465,65.2,nan,nan,nan,0.79,0.577,15.1,8.45
77288,39.3,-465,65.2,nan,nan,nan,0.798,0.577,15.1,8.45
77289,39.3,-465,65.2,nan,nan,nan,0.805,0.577,15.1,8.45
77290,39.3,-465,65.2,nan,nan,nan,0.805,0.577,15.1,8.45
77291,39.3,-465,65.2,nan,nan,nan,0.814,0.707,15.1,8.45
77292,39.3,-465,65.2,nan,nan,nan,0.822,nan,15.1,8.45
77293,39.3,-465,65.2,nan,nan,nan,0.822,nan,15.1,8.45
77294,39.3,-465,65.2,nan,nan,nan,0.822,nan,15.1,8.45
77295,39.3,-465,65.2,nan,nan,nan,0.822,nan,15.1,8.45
77296,39.3,-465,65.2,nan,nan,nan,0.822,nan,15.1,8.45
77297,39.3,-465,65.2,nan,nan,nan,0.832,nan,15.1,8.45
77298,39.3,-465,65.2,nan,nan,nan,0.841,nan,15.1,8.2
77299,39.3,-465,65.2,nan,nan,nan,0.841,nan,15.1,8.2
77300,39.3,-465,65.2,nan,nan,nan,0.841,nan,15.1,8.2
77301,39.3,-465,65.2,nan,nan,nan,0.841,nan,15.1,8.2
77302,39.3,-465,65.2,nan,nan,nan,0.841,nan,15.1,8.2
77303,39.3,-464,65.2,nan,nan,nan,0.83,nan,15.1,8.2
77304,39.55,-464,65.2,nan,nan,nan,0.822,0.707,15.35,8.45
77305,39.55,-464,65.2,nan,nan,nan,0.822,0.707,15.35,8.45
77306,39.55,-463,65.2,nan,nan,nan,0.812,0.577,15.35,8.45
77307,41.85,-463,65.2,nan,nan,nan,0.805,0.577,17.65,10.75
77308,41.85,-462,65.2,nan,nan,nan,0.796,0.548,17.65,10.75
77309,44.15,-462,65.2,nan,nan,nan,0.79,0.548,19.95,13.05
77310,44.15,-462,65.2,nan,nan,nan,0.79,0.548,19.95,13.05
77311,44.15,-462,65.2,nan,nan,nan,0.79,0.548,19.95,13.05
77312,44.15,-462,65.2,nan,nan,nan,0.79,0.548,19.95,13.05
77313,44.15,-462,65.2,nan,nan,nan,0.79,0.577,19.95,13.05
77314,44.15,-462,65.2,nan,nan,nan,0.79,0.577,19.95,13.05
77315,44.15,-462,65.2,nan,nan,nan,0.79,0.577,19.95,13.05
77316,44.15,-462,65.2,nan,nan,nan,0.798,0.707,19.95,13.05
77317,44.15,-461,65.2,nan,nan,nan,0.805,nan,19.95,12.05
77318,44.15,-461,65.2,nan,nan,nan,0.805,nan,19.95,12.05
77319,44.15,-460,65.2,nan,nan,nan,0.796,nan,19.95,12.05
77320,44.25,-460,65.2,nan,nan,nan,0.79,0.707,20.05,12.15
77321,44.25,-460,65.2,nan,nan,nan,0.79,0.707,20.05,12.15
77322,44.25,-460,65.2,nan,nan,nan,0.798,0.707,20.05,12.15
77323,44.25,-460,65.2,nan,nan,nan,0.588,0.707,20.05,11.55
77324,44.25,-460,65.2,nan,nan,nan,0.593,0.707,20.05,10.65
77325,44.25,-460,65.2,nan,nan,nan,0.593,0.707,20.05,10.65
77326,44.25,-460,65.2,nan,nan,nan,0.598,0.707,20.05,10.65
77327,44.25,-460,65.2,nan,nan,nan,0.598,0.707,20.05,10.65
77328,44.25,-459,65.2,nan,nan,nan,0.598,nan,20.05,10.65
77329,44.25,-459,65.2,nan,nan,nan,0.598,nan,20.05,10.65
77330,44.25,-459,65.2,nan,nan,nan,0.599,nan,20.05,10.65
77331,44.25,-459,65.2,nan,nan,nan,0.605,nan,20.05,10.65
77332,44.25,-459,65.2,nan,nan,nan,0.605,nan,20.05,10.65
77333,44.25,-459,65.2,nan,nan,nan,0.605,nan,20.05,10.65
77334,44.25,-459,65.2,nan,nan,nan,0.605,nan,20.05,10.65
77335,44.25,-458,65.2,nan,nan,nan,0.605,nan,20.05,10.65
77336,44.25,-457,65.2,nan,nan,nan,0.605,nan,20.05,10.65
77337,44.25,-457,65.2,nan,nan,nan,0.605,nan,20.05,10.65
77338,44.25,-457,65.2,nan,nan,nan,0.605,nan,20.05,10.65
77339,44.25,-457,65.2,nan,nan,nan,0.605,nan,20.05,10.65
77340,44.25,-457,65.2,nan,nan,nan,0.605,nan,20.05,10.65
77341,44.25,-456,65.2,nan,nan,nan,0.605,nan,20.05,10.65
77342,44.25,-455,65.2,nan,nan,nan,0.605,nan,20.05,10.65
77343,44.25,-454,65.2,nan,nan,nan,0.606,nan,20.05,10.65
77344,44.25,-454,65.2,nan,nan,nan,0.613,nan,20.05,10.65
77345,44.25,-454,65.2,nan,nan,nan,0.614,nan,20.05,10.65
77346,44.25,-454,65.2,nan,nan,nan,0.621,nan,20.05,10.65
77347,44.25,-454,65.2,nan,nan,nan,0.621,nan,20.05,10.65
77348,44.25,-454,65.2,nan,nan,nan,0.621,nan,20.05,10.65
77349,44.25,-454,65.2,nan,nan,nan,0.623,nan,20.05,10.65
77350,44.25,-454,65.2,nan,nan,nan,0.632,nan,20.05,10.65
77351,44.25,-454,65.2,nan,nan,nan,0.632,nan,20.05,10.65
77352,44.25,-454,65.2,nan,nan,nan,0.634,nan,20.05,10.65
77353,44.25,-454,65.2,nan,nan,nan,0.644,nan,20.05,10.65
77354,44.25,-453,65.2,nan,nan,nan,0.644,nan,20.05,10.65
77355,44.25,-452,65.2,nan,nan,nan,0.641,nan,20.05,10.65
77356,44.3,-451,65.2,nan,nan,nan,0.632,0.707,20.1,10.7
77357,44.3,-451,65.2,nan,nan,nan,0.634,0.707,20.1,10.7
77358,44.3,-450,65.2,nan,nan,nan,0.513,0.707,20.1,10.7
77359,44.3,-450,65.2,nan,nan,nan,0.514,0.707,20.1,10.7
77360,44.3,-449,65.2,nan,nan,nan,0.514,0.707,20.1,10.7
77361,44.3,-449,65.2,nan,nan,nan,0.514,0.707,20.1,10.7
77362,44.3,-448,65.2,nan,nan,nan,0.513,0.577,20.1,10.7
77363,46.15,-448,65.2,nan,nan,nan,0.513,0.577,21.95,12.55
77364,46.15,-447,65.2,nan,nan,nan,0.513,0.577,21.95,12.55
77365,46.15,-447,65.2,nan,nan,nan,0.513,0.707,21.95,12.55
77366,46.15,-447,65.2,nan,nan,nan,0.513,0.707,21.95,12.55
77367,46.15,-447,65.2,nan,nan,nan,0.513,0.707,21.95,12.55
77368,46.15,-447,65.2,nan,nan,nan,0.513,0.707,21.95,12.55
77369,46.15,-447,65.2,nan,nan,nan,0.513,0.707,21.95,12.55
77370,46.15,-447,65.2,nan,nan,nan,0.513,0.707,21.95,12.55
77371,46.15,-447,65.2,nan,nan,nan,0.514,nan,21.95,12.55
77372,46.15,-447,65.2,nan,nan,nan,0.514,nan,21.95,12.55
77373,46.15,-446,65.2,nan,nan,nan,0.513,nan,21.95,12.55
77374,48.35,-445,65.2,nan,nan,nan,0.511,0.032,24.15,14.75
77375,50.45,-445,65.2,nan,nan,nan,0.511,0.565,26.25,14.5
77376,50.45,-445,65.2,nan,nan,nan,0.511,0.565,26.25,14.5
77377,50.45,-444,65.2,nan,nan,nan,0.508,0.493,26.25,14.5
77378,53.85,-443,65.2,nan,nan,nan,0.515,0.472,29.65,17.9
77379,57.9,-443,65.2,nan,nan,nan,0.518,0.541,33.7,21.95
77380,57.9,-442,65.2,nan,nan,nan,0.52,0.541,33.7,21.95
77381,57.9,-441,65.2,nan,nan,nan,0.515,0.508,33.7,19.15
77382,58.6,-440,65.2,nan,nan,nan,1.094,1.702,34.4,19.85
77383,62.1,-440,65.2,nan,nan,nan,1.094,1.772,37.9,22.8
77384,62.1,-440,65.2,nan,nan,nan,1.094,1.857,37.9,22.8
77385,62.1,-439,65.2,nan,nan,nan,1.068,1.701,37.9,22.8
77386,65.75,-438,65.2,nan,nan,nan,1.056,1.772,41.55,26.45
77387,65.75,-438,65.2,nan,nan,nan,1.056,1.941,41.55,26.45
77388,65.75,-440,65.2,nan,nan,nan,1.034,1.862,41.55,26.45
77389,60.2,-440,65.2,nan,nan,nan,1.024,1.773,41.55,26.45
77390,60.2,-440,65.2,nan,nan,nan,1.024,1.941,41.55,26.45
77391,60.2,-440,65.2,nan,nan,nan,1.024,0.548,41.55,26.45
77392,60.2,-440,65.2,nan,nan,nan,1.024,0.577,41.55,26.45
77393,60.2,-439,65.2,nan,nan,nan,1.005,0.548,41.55,26.45
77394,61.35,-439,65.2,nan,nan,nan,0.995,0.548,41.55,26.45
77395,61.35,-439,65.2,nan,nan,nan,0.995,0.577,41.55,26.45
77396,61.35,-439,65.2,nan,nan,nan,0.995,0.577,41.55,26.45
77397,61.35,-439,65.2,nan,nan,nan,0.995,0.577,41.55,26.45
77398,61.35,-438,65.2,nan,nan,nan,0.978,0.577,41.55,26.45
77399,61.95,-438,65.2,nan,nan,nan,0.97,0.577,41.55,26.45
77400,61.95,-438,65.2,nan,nan,nan,0.97,0.577,41.55,26.45
77401,61.95,-438,65.2,nan,nan,nan,0.97,0.577,41.55,26.45
77402,61.95,-438,65.2,nan,nan,nan,0.986,0.577,41.55,26.45
77403,61.95,-437,65.2,nan,nan,nan,0.978,0.577,41.55,26.2
77404,63.85,-436,65.2,nan,nan,nan,0.964,0.532,41.55,26.2
77405,66.05,-436,65.2,nan,nan,nan,0.972,0.58,41.85,26.5
77406,66.05,-435,65.2,nan,nan,nan,0.964,0.54,41.85,24.2
77407,70.05,-435,65.2,nan,nan,nan,0.972,0.579,45.85,28.2
77408,70.05,-434,65.2,nan,nan,nan,0.964,0.54,45.85,25.9
77409,70.35,-433,65.2,nan,nan,nan,0.957,0.558,46.15,26.2
77410,70.35,-432,65.2,nan,nan,nan,0.942,0.537,46.15,26.2
77411,73.6,-432,65.2,nan,nan,nan,0.935,0.546,49.4,29.45
77412,73.6,-432,65.2,nan,nan,nan,0.935,0.558,49.4,29.45
77413,73.6,-432,65.2,nan,nan,nan,0.935,0.535,49.4,29.45
77414,73.6,-431,65.2,nan,nan,nan,0.935,0.548,49.4,29.45
77415,73.6,-437,65.2,nan,nan,nan,0.922,0.548,49.4,29.45
77416,69.65,-437,65.2,nan,nan,nan,0.916,0.548,49.4,29.45
77417,69.65,-436,65.2,nan,nan,nan,0.916,0.548,49.4,29.45
77418,69.65,-436,65.2,nan,nan,nan,0.929,0.577,49.4,29.45
77419,69.65,-436,65.2,nan,nan,nan,0.935,0.577,49.4,29.35
77420,69.65,-436,65.2,nan,nan,nan,0.935,0.707,49.4,29.35
77421,69.65,-436,65.2,nan,nan,nan,0.935,0.707,49.4,29.35
77422,69.65,-435,65.2,nan,nan,nan,0.935,0.707,49.4,29.35
77423,69.65,-435,65.2,nan,nan,nan,0.935,0.707,49.4,29.35
77424,69.65,-435,65.2,nan,nan,nan,0.935,nan,49.4,29.35
77425,69.65,-435,65.2,nan,nan,nan,0.935,nan,49.4,29.35
77426,69.65,-435,65.2,nan,nan,nan,0.935,nan,49.4,29.35
77427,69.65,-435,65.2,nan,nan,nan,0.935,nan,49.4,29.35
77428,69.65,-435,65.2,nan,nan,nan,0.935,nan,49.4,29.35
77429,69.65,-435,65.2,nan,nan,nan,0.935,nan,49.4,29.35
77430,69.65,-435,65.2,nan,nan,nan,0.935,nan,49.4,29.35
77431,69.65,-449,65.2,nan,nan,nan,0.922,nan,49.4,29.35
77432,63.8,-448,65.2,nan,nan,nan,0.916,0.707,49.4,29.35
77433,63.8,-448,65.2,nan,nan,nan,0.916,0.707,49.4,29.35
77434,63.8,-447,65.2,nan,nan,nan,0.916,0.707,49.4,29.35
77435,63.8,-447,65.2,nan,nan,nan,0.916,0.707,49.4,29.35
77436,63.8,-446,65.2,nan,nan,nan,0.916,0.707,49.4,29.35
77437,63.8,-446,65.2,nan,nan,nan,0.916,0.707,49.4,29.35
77438,63.8,-446,65.2,nan,nan,nan,0.916,0.707,49.4,29.35
77439,63.8,-446,65.2,nan,nan,nan,0.916,0.707,49.4,29.35
77440,63.8,-446,65.2,nan,nan,nan,0.916,nan,49.4,29.35
77441,63.8,-449,65.2,nan,nan,nan,0.904,nan,49.4,29.35
77442,60.4,-449,65.2,nan,nan,nan,0.899,0.707,49.4,29.35
77443,60.4,-449,65.2,nan,nan,nan,0.899,0.707,49.4,29.35
77444,60.4,-449,65.2,nan,nan,nan,0.899,0.707,49.4,29.35
77445,60.4,-449,65.2,nan,nan,nan,0.899,0.707,49.4,29.35
77446,60.4,-448,65.2,nan,nan,nan,0.899,0.707,49.4,29.35
77447,60.4,-447,65.2,nan,nan,nan,0.888,0.577,49.4,29.35
77448,63.2,-447,65.2,nan,nan,nan,0.883,0.577,49.4,29.35
77449,63.2,-447,65.2,nan,nan,nan,0.883,0.577,49.4,29.35
77450,63.2,-508,65.2,nan,nan,nan,0.873,0.577,49.4,29.35
77451,58.95,-508,65.2,nan,nan,nan,0.868,0.577,49.4,29.35
77452,58.95,-512,65.2,nan,nan,nan,0.859,0.548,49.4,29.35
77453,52.2,-515,65.2,nan,nan,nan,0.849,0.493,49.4,29.35
77454,49.0,-515,65.2,nan,nan,nan,0.853,0.5,49.4,29.35
77455,49.0,-515,65.2,nan,nan,nan,0.857,0.5,49.4,29.3
77456,49.0,-515,65.2,nan,nan,nan,0.857,0.491,49.4,29.3
77457,49.0,-515,65.2,nan,nan,nan,0.857,0.5,49.4,29.3
77458,49.0,-515,65.2,nan,nan,nan,0.857,0.5,49.4,29.3
77459,49.0,-515,65.2,nan,nan,nan,0.857,0.477,49.4,29.3
77460,49.0,-515,65.2,nan,nan,nan,0.857,0.5,49.4,29.3
77461,49.0,-515,65.2,nan,nan,nan,0.867,0.335,49.4,29.3
77462,49.0,-515,65.2,nan,nan,nan,0.871,nan,49.4,27.45
77463,49.0,-515,65.2,nan,nan,nan,0.871,nan,49.4,27.45
77464,49.0,-515,65.2,nan,nan,nan,0.871,nan,49.4,27.45
77465,49.0,-515,65.2,nan,nan,nan,0.871,nan,49.4,27.45
77466,49.0,-515,65.2,nan,nan,nan,0.871,nan,49.4,27.45
77467,49.0,-515,65.2,nan,nan,nan,0.871,nan,49.4,27.45
77468,49.0,-515,65.2,nan,nan,nan,0.871,nan,49.4,27.45
77469,49.0,-515,65.2,nan,nan,nan,0.871,nan,49.4,27.45
77470,49.0,-519,65.2,nan,nan,nan,0.862,nan,49.4,27.45
77471,45.35,-519,65.2,nan,nan,nan,0.857,0.707,49.4,28.25
77472,45.35,-518,65.2,nan,nan,nan,0.867,0.707,49.4,28.25
77473,45.35,-520,65.2,nan,nan,nan,0.867,0.577,49.4,28.25
77474,45.2,-519,65.2,nan,nan,nan,0.867,0.577,49.4,28.4
77475,45.2,-519,65.2,nan,nan,nan,0.867,0.577,49.4,28.4
77476,45.2,-529,65.2,nan,nan,nan,0.867,0.548,49.4,28.4
77477,41.1,-529,65.2,nan,nan,nan,0.868,0.548,49.4,32.5
77478,41.1,-528,65.2,nan,nan,nan,0.874,0.548,49.4,32.5
77479,41.1,-528,65.2,nan,nan,nan,0.874,0.548,49.4,32.5
77480,41.1,-528,65.2,nan,nan,nan,0.883,0.577,49.4,32.5
77481,41.1,-528,65.2,nan,nan,nan,0.505,0.577,49.4,32.5
77482,41.1,-530,65.2,nan,nan,nan,0.504,0.577,49.4,32.5
77483,38.9,-529,65.2,nan,nan,nan,0.548,0.908,49.4,34.7
77484,40.85,-529,65.2,nan,nan,nan,0.547,0.796,49.4,34.7
77485,40.85,-528,65.2,nan,nan,nan,0.549,0.771,49.4,34.7
77486,40.85,-528,65.2,nan,nan,nan,0.549,0.944,49.4,34.7
77487,40.85,-527,65.2,nan,nan,nan,0.549,0.944,49.4,34.7
77488,40.85,-527,65.2,nan,nan,nan,0.551,0.944,49.4,34.7
77489,40.85,-526,65.2,nan,nan,nan,0.551,0.944,49.4,34.7
77490,40.85,-525,65.2,nan,nan,nan,0.551,0.944,49.4,34.7
77491,40.85,-524,65.2,nan,nan,nan,0.551,0.627,49.4,34.7
77492,40.85,-524,65.2,nan,nan,nan,0.552,nan,49.4,34.7
77493,40.85,-523,65.2,nan,nan,nan,0.554,nan,49.4,34.7
77494,40.85,-522,65.2,nan,nan,nan,0.554,nan,49.4,34.7
77495,40.85,-523,65.2,nan,nan,nan,0.553,nan,49.4,34.7
77496,40.3,-522,65.2,nan,nan,nan,0.96,3.664,49.4,34.7
77497,42.6,-526,65.2,nan,nan,nan,1.004,2.591,49.4,34.7
77498,39.1,-525,65.2,nan,nan,nan,1.004,2.256,49.4,34.7
77499,39.1,-526,65.2,nan,nan,nan,0.997,2.183,49.4,34.7
77500,36.3,-525,65.24,nan,nan,nan,1.009,1.957,49.4,37.3
77501,39.3,-525,65.24,nan,nan,nan,0.996,1.812,49.4,37.3
77502,39.3,-525,65.24,nan,nan,nan,1.002,1.812,49.4,37.3
77503,39.3,-530,65.24,nan,nan,nan,0.998,1.78,49.4,37.3
77504,34.7,-529,65.24,nan,nan,nan,1.004,1.679,49.4,38.9
77505,36.85,-529,65.24,nan,nan,nan,0.996,0.89,49.4,38.9
77506,36.85,-529,65.24,nan,nan,nan,1.01,0.746,49.4,38.9
77507,36.85,-529,65.24,nan,nan,nan,1.015,0.816,49.4,38.9
77508,36.85,-529,65.24,nan,nan,nan,1.03,0.76,49.4,38.9
77509,36.85,-529,65.24,nan,nan,nan,1.036,0.618,49.4,38.9
77510,36.85,-532,65.24,nan,nan,nan,1.045,0.737,49.4,38.9
77511,33.55,-532,65.24,nan,nan,nan,1.03,0.661,49.4,40.05
77512,33.55,-531,65.24,nan,nan,nan,1.03,0.618,49.4,40.05
77513,33.55,-531,65.24,nan,nan,nan,1.03,0.577,49.4,40.05
77514,33.55,-532,65.24,nan,nan,nan,1.03,0.577,49.4,40.05
77515,32.95,-532,65.24,nan,nan,nan,1.03,0.577,49.4,36.7
77516,32.95,-532,65.24,nan,nan,nan,1.03,0.577,49.4,36.7
77517,32.95,-532,65.24,nan,nan,nan,1.03,0.577,49.4,36.7
77518,32.95,-532,65.24,nan,nan,nan,1.03,0.577,49.4,36.7
77519,32.95,-531,65.24,nan,nan,nan,1.024,0.577,49.4,36.7
77520,34.8,-530,65.24,nan,nan,nan,1.011,0.472,49.4,36.7
77521,35.95,-529,65.24,nan,nan,nan,0.998,0.503,49.4,36.7
77522,35.95,-529,65.24,nan,nan,nan,0.998,0.503,49.4,36.7
77523,35.95,-529,65.24,nan,nan,nan,0.998,0.493,49.4,36.7
77524,35.95,-529,65.24,nan,nan,nan,0.998,0.505,49.4,36.7
77525,35.95,-529,65.24,nan,nan,nan,0.998,0.505,49.4,36.7
77526,35.95,-529,65.24,nan,nan,nan,0.998,0.505,49.4,36.7
77527,35.95,-529,65.24,nan,nan,nan,0.998,0.505,49.4,36.7
77528,35.95,-528,65.24,nan,nan,nan,0.998,0.44,49.4,36.7
77529,35.95,-527,65.24,nan,nan,nan,0.998,nan,49.4,36.7
77530,35.95,-527,65.24,nan,nan,nan,1.003,nan,49.4,36.7
77531,35.95,-527,65.24,nan,nan,nan,1.017,nan,49.4,30.85
77532,35.95,-527,65.24,nan,nan,nan,1.017,nan,49.4,30.85
77533,35.95,-526,65.24,nan,nan,nan,1.011,nan,49.4,30.85
77534,37.55,-526,65.24,nan,nan,nan,0.998,0.707,49.4,30.85
77535,37.55,-525,65.24,nan,nan,nan,0.993,0.577,49.4,30.85
77536,39.95,-525,65.24,nan,nan,nan,0.98,0.577,49.4,30.85
77537,39.95,-524,65.24,nan,nan,nan,0.98,0.577,49.4,30.85
77538,39.95,-523,65.24,nan,nan,nan,0.975,0.548,49.4,30.85
77539,41.15,-522,65.24,nan,nan,nan,0.982,0.612,49.4,30.85
77540,42.95,-521,65.24,nan,nan,nan,0.997,0.642,49.4,30.85
77541,45.8,-521,65.24,nan,nan,nan,0.997,0.669,49.4,30.25
77542,45.8,-521,65.24,nan,nan,nan,0.997,0.715,49.4,30.25
77543,45.8,-521,65.24,nan,nan,nan,0.997,0.7,49.4,30.25
77544,45.8,-521,65.24,nan,nan,nan,0.997,0.778,49.4,30.25
77545,45.8,-521,65.24,nan,nan,nan,0.997,0.728,49.4,30.25
77546,45.8,-521,65.24,nan,nan,nan,1.003,0.728,49.4,30.25
77547,45.8,-520,65.24,nan,nan,nan,1.009,0.728,49.4,30.25
77548,47.35,-520,65.24,nan,nan,nan,0.997,0.783,49.4,30.25
77549,47.35,-520,65.24,nan,nan,nan,1.003,0.577,49.4,30.25
77550,47.35,-520,65.24,nan,nan,nan,1.016,0.707,49.4,26.0
77551,47.35,-520,65.24,nan,nan,nan,1.022,0.707,49.4,26.0
77552,47.35,-522,65.24,nan,nan,nan,1.029,0.577,49.4,19.25
77553,42.2,-522,65.24,nan,nan,nan,1.029,0.577,49.4,16.05
77554,42.2,-521,65.24,nan,nan,nan,1.022,0.548,49.4,16.05
77555,44.65,-520,65.24,nan,nan,nan,1.014,0.509,49.4,16.05
77556,46.95,-520,65.24,nan,nan,nan,1.002,0.537,49.4,16.05
77557,46.95,-520,65.24,nan,nan,nan,1.002,0.537,49.4,16.05
77558,46.95,-520,65.24,nan,nan,nan,1.002,0.537,49.4,16.05
77559,46.95,-520,65.24,nan,nan,nan,1.002,0.537,49.4,16.05
77560,46.95,-519,65.24,nan,nan,nan,0.995,0.509,49.4,16.05
77561,49.45,-518,65.24,nan,nan,nan,0.985,0.537,49.4,16.5
77562,49.45,-518,65.24,nan,nan,nan,0.985,0.537,49.4,16.5
77563,49.45,-518,65.24,nan,nan,nan,0.985,0.56,49.4,16.5
77564,49.45,-518,65.24,nan,nan,nan,0.985,0.577,49.4,16.5
77565,49.45,-517,65.24,nan,nan,nan,0.979,0.577,49.4,16.5
77566,49.55,-517,65.24,nan,nan,nan,0.969,0.577,49.4,16.6
77567,49.55,-517,65.24,nan,nan,nan,0.969,0.577,49.4,16.6
77568,49.55,-517,65.24,nan,nan,nan,0.969,0.577,49.4,16.6
77569,49.55,-517,65.24,nan,nan,nan,0.974,0.577,49.4,16.6
77570,49.55,-517,65.24,nan,nan,nan,0.985,0.707,49.4,16.6
77571,49.55,-517,65.24,nan,nan,nan,0.985,0.707,49.4,16.6
77572,49.55,-517,65.24,nan,nan,nan,0.991,0.707,49.4,16.6
77573,49.55,-517,65.24,nan,nan,nan,1.002,0.707,49.4,16.6
77574,49.55,-517,65.24,nan,nan,nan,1.002,nan,49.4,16.6
77575,49.55,-517,65.24,nan,nan,nan,1.008,nan,49.4,16.6
77576,49.55,-516,65.24,nan,nan,nan,1.021,nan,49.4,16.6
77577,49.55,-516,65.24,nan,nan,nan,1.021,nan,49.4,16.6
77578,49.55,-515,65.24,nan,nan,nan,1.014,nan,49.4,16.6
77579,52.75,-514,65.24,nan,nan,nan,1.005,0.055,49.4,19.8
77580,55.7,-514,65.24,nan,nan,nan,0.994,0.556,49.4,22.75
77581,55.7,-514,65.24,nan,nan,nan,1.001,0.556,49.4,22.75
77582,55.7,-514,65.24,nan,nan,nan,0.995,0.556,49.4,22.75
77583,55.7,-514,65.24,nan,nan,nan,1.006,0.556,49.4,22.75
77584,55.7,-514,65.24,nan,nan,nan,1.006,0.556,49.4,22.75
77585,55.7,-514,65.24,nan,nan,nan,1.006,0.556,49.4,22.75
77586,55.7,-514,65.24,nan,nan,nan,1.006,0.556,49.4,22.75
77587,55.7,-513,65.24,nan,nan,nan,1.006,0.652,49.4,22.75
77588,55.7,-512,65.24,nan,nan,nan,0.999,0.707,49.4,22.75
77589,57.7,-512,65.24,nan,nan,nan,0.988,0.707,49.4,24.75
77590,57.7,-511,65.24,nan,nan,nan,0.981,0.577,49.4,24.75
77591,58.85,-510,65.24,nan,nan,nan,0.971,0.577,49.4,25.9
77592,58.85,-509,65.24,nan,nan,nan,0.971,0.577,49.4,25.9
77593,58.85,-509,65.24,nan,nan,nan,0.971,0.577,49.4,25.9
77594,58.85,-509,65.24,nan,nan,nan,0.977,0.577,49.4,25.9
77595,58.85,-509,65.24,nan,nan,nan,0.675,0.577,49.4,25.9
77596,58.85,-509,65.24,nan,nan,nan,0.604,0.577,49.4,25.9
77597,58.85,-509,65.24,nan,nan,nan,0.606,0.577,49.4,25.9
77598,58.85,-508,65.24,nan,nan,nan,0.609,0.707,49.4,25.9
77599,58.85,-508,65.24,nan,nan,nan,0.557,nan,49.4,25.9
77600,58.85,-508,65.24,nan,nan,nan,0.557,nan,49.4,25.9
77601,58.85,-508,65.24,nan,nan,nan,0.557,nan,49.4,25.9
77602,58.85,-508,65.24,nan,nan,nan,0.56,nan,49.4,25.9
77603,58.85,-508,65.24,nan,nan,nan,0.54,nan,49.4,25.9
77604,58.85,-508,65.24,nan,nan,nan,0.538,nan,49.4,25.9
77605,58.85,-507,65.24,nan,nan,nan,0.538,nan,49.4,25.9
77606,58.85,-507,65.24,nan,nan,nan,0.538,nan,49.4,25.9
77607,58.85,-507,65.24,nan,nan,nan,0.538,nan,49.4,25.9
77608,58.85,-507,65.24,nan,nan,nan,0.538,nan,49.4,25.9
77609,58.85,-507,65.24,nan,nan,nan,0.542,nan,49.4,25.9
77610,58.85,-507,65.24,nan,nan,nan,0.54,nan,49.4,25.9
77611,58.85,-507,65.24,nan,nan,nan,0.54,nan,49.4,25.9
77612,58.85,-506,65.24,nan,nan,nan,0.54,nan,49.4,25.9
77613,58.85,-506,65.24,nan,nan,nan,0.544,nan,49.4,25.9
77614,58.85,-506,65.24,nan,nan,nan,0.542,nan,49.4,25.9
77615,58.85,-505,65.24,nan,nan,nan,0.542,nan,49.4,25.9
77616,58.85,-505,65.24,nan,nan,nan,0.542,nan,49.4,25.9
77617,58.85,-504,65.24,nan,nan,nan,0.542,nan,49.4,25.9
77618,58.85,-504,65.24,nan,nan,nan,0.547,nan,49.4,25.9
77619,58.85,-503,65.24,nan,nan,nan,0.552,nan,49.4,24.05
77620,59.45,-503,65.24,nan,nan,nan,0.552,0.707,49.4,23.5
77621,59.45,-503,65.24,nan,nan,nan,0.552,0.707,49.4,23.5
77622,59.45,-503,65.24,nan,nan,nan,0.552,0.707,49.4,23.5
77623,59.45,-502,65.24,nan,nan,nan,0.552,0.707,49.4,23.5
77624,59.45,-501,65.24,nan,nan,nan,0.552,0.707,49.4,23.5
77625,59.45,-500,65.24,nan,nan,nan,0.552,0.707,49.4,23.5
77626,59.45,-500,65.24,nan,nan,nan,0.552,0.707,49.4,23.5
77627,59.45,-500,65.24,nan,nan,nan,0.552,0.707,49.4,23.5
77628,59.45,-500,65.24,nan,nan,nan,0.552,nan,49.4,23.5
77629,59.45,-500,65.24,nan,nan,nan,0.552,nan,49.4,23.5
77630,59.45,-500,65.24,nan,nan,nan,0.552,nan,49.4,23.5
77631,59.45,-500,65.24,nan,nan,nan,0.552,nan,49.4,23.5
77632,59.45,-500,65.24,nan,nan,nan,0.557,nan,49.4,23.5
77633,59.45,-500,65.24,nan,nan,nan,0.555,nan,49.4,21.9
77634,59.45,-500,65.24,nan,nan,nan,0.561,nan,49.4,21.9
77635,59.45,-499,65.24,nan,nan,nan,0.559,nan,49.4,19.5
77636,59.45,-498,65.24,nan,nan,nan,0.559,nan,49.4,19.5
77637,59.45,-497,65.24,nan,nan,nan,0.559,nan,49.4,19.5
77638,59.75,-497,65.24,nan,nan,nan,0.54,0.707,49.4,18.6
77639,59.75,-496,65.24,nan,nan,nan,0.505,0.707,49.4,17.55
77640,59.75,-496,65.24,nan,nan,nan,0.504,0.707,49.4,17.55
77641,59.75,-496,65.24,nan,nan,nan,0.504,0.707,49.4,17.55
77642,59.75,-496,65.24,nan,nan,nan,0.504,0.707,49.4,17.55
77643,59.75,-495,65.24,nan,nan,nan,0.504,0.707,49.4,17.55
77644,59.75,-495,65.24,nan,nan,nan,0.504,0.707,49.4,17.55
77645,59.75,-494,65.24,nan,nan,nan,0.504,0.707,49.4,17.55
77646,59.75,-494,65.24,nan,nan,nan,0.506,nan,49.4,17.55
77647,59.75,-494,65.24,nan,nan,nan,0.504,nan,49.4,17.55
77648,59.75,-494,65.24,nan,nan,nan,0.504,nan,49.4,17.55
77649,59.75,-494,65.24,nan,nan,nan,0.504,nan,49.4,17.55
77650,59.75,-495,65.24,nan,nan,nan,0.502,nan,49.4,17.55
77651,59.45,-495,65.24,nan,nan,nan,0.506,0.707,49.4,17.55
77652,59.45,-494,65.24,nan,nan,nan,0.504,0.707,49.4,17.55
77653,59.45,-494,65.24,nan,nan,nan,0.506,0.707,49.4,17.55
77654,59.45,-494,65.24,nan,nan,nan,0.51,0.707,49.4,15.1
77655,59.45,-494,65.24,nan,nan,nan,0.51,0.707,49.4,12.8
77656,59.45,-494,65.24,nan,nan,nan,0.51,0.707,49.4,12.8
77657,59.45,-494,65.24,nan,nan,nan,0.51,0.707,49.4,12.8
77658,59.45,-494,65.24,nan,nan,nan,0.51,0.707,49.4,12.8
77659,59.45,-493,65.24,nan,nan,nan,0.512,nan,49.4,12.8
77660,59.45,-493,65.24,nan,nan,nan,0.512,nan,49.4,10.3
77661,59.45,-492,65.24,nan,nan,nan,0.512,nan,49.4,10.3
77662,59.45,-491,65.24,nan,nan,nan,0.512,nan,49.4,10.3
77663,59.45,-491,65.24,nan,nan,nan,0.512,nan,49.4,10.3
77664,59.45,-490,65.24,nan,nan,nan,0.513,nan,49.4,10.3
77665,59.45,-490,65.24,nan,nan,nan,0.514,nan,49.4,10.2
77666,59.45,-489,65.24,nan,nan,nan,0.514,nan,49.4,10.2
77667,59.45,-489,65.24,nan,nan,nan,0.514,nan,49.4,10.2
77668,59.45,-489,65.24,nan,nan,nan,0.514,nan,49.4,10.2
77669,59.45,-489,65.24,nan,nan,nan,0.514,nan,49.4,10.2
77670,59.45,-489,65.24,nan,nan,nan,0.514,nan,49.4,10.2
77671,59.45,-489,65.24,nan,nan,nan,0.514,nan,49.4,10.2
77672,59.45,-489,65.24,nan,nan,nan,0.514,nan,49.4,10.2
77673,59.45,-489,65.24,nan,nan,nan,0.514,nan,49.4,10.2
77674,59.45,-489,65.24,nan,nan,nan,0.514,nan,49.4,10.2
77675,59.45,-491,65.24,nan,nan,nan,0.509,nan,49.4,10.2
77676,57.7,-490,65.24,nan,nan,nan,0.512,0.707,49.4,10.2
77677,57.7,-490,65.24,nan,nan,nan,0.513,0.707,49.4,10.2
77678,57.7,-491,65.24,nan,nan,nan,0.519,0.577,49.4,7.0
77679,54.75,-491,65.24,nan,nan,nan,0.519,0.577,49.4,5.0
77680,54.75,-490,65.24,nan,nan,nan,0.516,0.548,49.4,5.0
77681,58.75,-490,65.24,nan,nan,nan,0.516,0.548,49.4,5.0
77682,58.75,-490,65.24,nan,nan,nan,0.516,0.548,49.4,5.0
77683,58.75,-490,65.24,nan,nan,nan,0.516,0.548,49.4,5.0
77684,58.75,-490,65.24,nan,nan,nan,0.516,0.548,49.4,5.0
77685,58.75,-490,65.24,nan,nan,nan,0.516,0.577,49.4,5.0
77686,58.75,-489,65.24,nan,nan,nan,0.516,0.577,49.4,5.0
77687,58.75,-489,65.24,nan,nan,nan,0.516,0.577,49.4,5.0
77688,58.75,-489,65.24,nan,nan,nan,0.519,0.707,49.4,5.0
77689,58.75,-489,65.24,nan,nan,nan,0.519,nan,49.4,5.0
77690,58.75,-488,65.24,nan,nan,nan,0.522,nan,49.4,5.0
77691,58.75,-488,65.24,nan,nan,nan,0.522,nan,49.4,5.0
77692,58.75,-488,65.24,nan,nan,nan,0.522,nan,49.4,5.0
77693,58.75,-488,65.24,nan,nan,nan,0.522,nan,49.4,5.0
77694,58.75,-489,65.24,nan,nan,nan,0.519,nan,49.4,5.0
77695,54.75,-488,65.24,nan,nan,nan,0.646,1.414,49.4,5.0
77696,58.75,-487,65.24,nan,nan,nan,0.632,1.0,49.4,5.0
77697,58.75,-487,65.24,nan,nan,nan,0.632,1.0,49.4,5.0
77698,58.75,-486,65.24,nan,nan,nan,0.632,1.0,49.4,5.0
77699,58.75,-485,65.24,nan,nan,nan,0.632,1.0,49.4,5.0
77700,58.75,-501,65.24,nan,nan,nan,0.629,0.957,49.4,5.0
77701,52.65,-501,65.24,nan,nan,nan,0.618,0.837,49.4,7.1
77702,52.65,-504,65.24,nan,nan,nan,0.616,0.816,49.4,7.1
77703,49.75,-504,65.24,nan,nan,nan,0.607,0.753,49.4,10.0
77704,49.75,-504,65.24,nan,nan,nan,0.607,0.548,49.4,10.0
77705,49.75,-504,65.24,nan,nan,nan,0.607,0.577,49.4,10.0
77706,49.75,-510,65.24,nan,nan,nan,0.605,0.548,49.4,10.0
77707,45.8,-510,65.24,nan,nan,nan,0.598,0.548,49.4,13.95
77708,45.8,-510,65.24,nan,nan,nan,0.598,0.548,49.4,13.95
77709,45.8,-510,65.24,nan,nan,nan,0.598,0.548,49.4,13.95
77710,45.8,-510,65.24,nan,nan,nan,0.598,0.577,49.4,13.95
77711,45.8,-510,65.24,nan,nan,nan,0.598,0.577,49.4,13.95
77712,45.8,-509,65.24,nan,nan,nan,0.598,0.707,49.4,13.95
77713,45.8,-538,65.24,nan,nan,nan,0.596,0.577,49.4,13.95
77714,41.45,-537,65.24,nan,nan,nan,0.6,0.654,49.4,18.3
77715,42.5,-536,65.24,nan,nan,nan,0.593,0.552,49.4,18.3
77716,42.5,-536,65.24,nan,nan,nan,0.593,0.658,49.4,18.3
77717,42.5,-536,65.24,nan,nan,nan,0.593,0.658,49.4,18.3
77718,42.5,-536,65.24,nan,nan,nan,0.592,0.658,49.4,18.3
77719,42.5,-536,65.24,nan,nan,nan,0.6,0.658,49.4,18.3
77720,42.5,-536,65.24,nan,nan,nan,0.6,0.658,49.4,18.3
77721,42.5,-536,65.24,nan,nan,nan,0.6,0.658,49.4,18.3
77722,42.5,-536,65.24,nan,nan,nan,0.6,0.171,49.4,18.3
77723,42.5,-536,65.24,nan,nan,nan,0.6,nan,49.4,18.3
77724,42.5,-536,65.24,nan,nan,nan,0.6,nan,49.4,18.3
77725,42.5,-536,65.24,nan,nan,nan,0.6,nan,49.4,18.3
77726,42.5,-536,65.24,nan,nan,nan,0.6,nan,49.4,18.3
77727,42.5,-536,65.24,nan,nan,nan,0.6,nan,49.4,18.3
77728,42.5,-536,65.24,nan,nan,nan,0.6,nan,49.4,18.3
77729,42.5,-536,65.24,nan,nan,nan,0.6,nan,49.4,18.3
77730,42.5,-535,65.24,nan,nan,nan,0.6,nan,49.4,18.3
77731,42.5,-534,65.24,nan,nan,nan,0.6,nan,49.4,18.3
77732,42.5,-534,65.24,nan,nan,nan,0.6,nan,49.4,18.3
77733,42.5,-534,65.24,nan,nan,nan,0.6,nan,49.4,18.3
77734,42.5,-534,65.24,nan,nan,nan,0.6,nan,49.4,18.3
77735,42.5,-534,65.24,nan,nan,nan,0.6,nan,49.4,18.3
77736,42.5,-534,65.24,nan,nan,nan,0.6,nan,49.4,18.3
77737,42.5,-536,65.24,nan,nan,nan,0.608,nan,49.4,18.3
77738,39.9,-536,65.24,nan,nan,nan,0.6,0.707,49.4,19.85
77739,39.9,-535,65.24,nan,nan,nan,0.6,0.577,49.4,19.85
77740,41.45,-535,65.24,nan,nan,nan,0.593,0.577,49.4,19.85
77741,41.45,-535,65.24,nan,nan,nan,0.593,0.577,49.4,19.85
77742,41.45,-535,65.24,nan,nan,nan,0.593,0.577,49.4,19.85
77743,41.45,-535,65.24,nan,nan,nan,0.593,0.577,49.4,19.85
77744,41.45,-535,65.24,nan,nan,nan,0.593,0.577,49.4,19.85
77745,41.45,-534,65.24,nan,nan,nan,0.593,0.577,49.4,19.85
77746,41.45,-534,65.24,nan,nan,nan,0.593,0.577,49.4,19.85
77747,41.45,-534,65.24,nan,nan,nan,0.593,0.707,49.4,19.85
77748,41.45,-534,65.24,nan,nan,nan,0.593,nan,49.4,19.85
77749,41.45,-534,65.24,nan,nan,nan,0.592,nan,49.4,19.85
77750,41.45,-534,65.24,nan,nan,nan,0.6,nan,49.4,19.55
77751,41.45,-533,65.24,nan,nan,nan,0.6,nan,49.4,19.55
77752,42.5,-532,65.24,nan,nan,nan,0.593,0.707,49.4,19.55
77753,42.5,-532,65.24,nan,nan,nan,0.593,0.707,49.4,19.55
77754,42.5,-532,65.24,nan,nan,nan,0.593,0.707,49.4,19.55
77755,42.5,-531,65.24,nan,nan,nan,0.593,0.707,49.4,19.55
77756,42.5,-530,65.24,nan,nan,nan,0.593,0.707,49.4,19.55
77757,42.5,-530,65.24,nan,nan,nan,0.593,0.707,49.4,19.55
77758,42.5,-530,65.24,nan,nan,nan,0.593,0.707,49.4,19.55
77759,42.5,-530,65.24,nan,nan,nan,0.593,0.707,49.4,19.55
77760,42.5,-530,65.24,nan,nan,nan,0.593,nan,49.4,19.55
77761,42.5,-529,65.24,nan,nan,nan,0.593,nan,49.4,19.55
77762,42.5,-529,65.24,nan,nan,nan,0.593,nan,49.4,19.55
77763,42.5,-529,65.24,nan,nan,nan,0.593,nan,49.4,19.55
77764,42.5,-529,65.24,nan,nan,nan,0.593,nan,49.4,19.55
77765,42.5,-529,65.24,nan,nan,nan,0.593,nan,49.4,19.55
77766,42.5,-529,65.24,nan,nan,nan,0.593,nan,49.4,19.55
77767,42.5,-529,65.24,nan,nan,nan,0.593,nan,49.4,19.55
77768,42.5,-528,65.24,nan,nan,nan,0.593,nan,49.4,19.55
77769,42.5,-528,65.24,nan,nan,nan,0.593,nan,49.4,19.55
77770,42.5,-528,65.24,nan,nan,nan,0.593,nan,49.4,19.55
77771,42.5,-528,65.24,nan,nan,nan,0.593,nan,49.4,19.55
77772,42.5,-527,65.24,nan,nan,nan,0.593,nan,49.4,19.55
77773,42.5,-526,65.24,nan,nan,nan,0.593,nan,49.4,19.55
77774,42.5,-526,65.24,nan,nan,nan,0.592,nan,49.4,19.55
77775,42.5,-526,65.24,nan,nan,nan,0.6,nan,49.4,18.85
77776,42.5,-525,65.24,nan,nan,nan,0.6,nan,49.4,18.85
77777,42.5,-525,65.24,nan,nan,nan,0.6,nan,49.4,18.85
77778,42.5,-524,65.24,nan,nan,nan,0.609,nan,49.4,18.85
77779,42.5,-523,65.24,nan,nan,nan,0.608,nan,49.4,18.85
77780,42.5,-523,65.24,nan,nan,nan,0.619,nan,49.4,18.85
77781,42.5,-523,65.24,nan,nan,nan,0.619,nan,49.4,18.85
77782,42.5,-523,65.24,nan,nan,nan,0.619,nan,49.4,18.85
77783,42.5,-523,65.24,nan,nan,nan,0.619,nan,49.4,18.85
77784,42.5,-523,65.24,nan,nan,nan,0.619,nan,49.4,18.85
77785,42.5,-522,65.24,nan,nan,nan,0.619,nan,49.4,18.85
77786,42.5,-522,65.24,nan,nan,nan,0.619,nan,49.4,18.85
77787,42.5,-526,65.24,nan,nan,nan,0.619,nan,49.4,18.85
77788,39.9,-526,65.24,nan,nan,nan,0.609,0.707,49.4,18.85
77789,39.9,-526,65.24,nan,nan,nan,0.609,0.707,49.4,18.85
77790,39.9,-525,65.24,nan,nan,nan,0.608,0.577,49.4,18.85
77791,40.15,-524,65.24,nan,nan,nan,0.6,0.577,49.4,18.85
77792,40.15,-524,65.24,nan,nan,nan,0.6,0.577,49.4,18.85
77793,40.15,-524,65.24,nan,nan,nan,0.6,0.577,49.4,18.85
77794,40.15,-524,65.24,nan,nan,nan,0.524,0.577,49.4,18.85
77795,40.15,-524,65.24,nan,nan,nan,0.528,0.577,49.4,18.85
77796,40.15,-523,65.24,nan,nan,nan,0.528,0.577,49.4,18.85
77797,40.15,-522,65.24,nan,nan,nan,0.528,0.577,49.4,18.85
77798,40.25,-522,65.24,nan,nan,nan,0.526,0.577,49.4,18.85
77799,40.25,-522,65.24,nan,nan,nan,0.524,0.577,49.4,18.85
77800,40.25,-522,65.24,nan,nan,nan,0.528,0.707,49.4,12.75
77801,40.25,-522,65.24,nan,nan,nan,0.527,0.707,49.4,12.75
77802,40.25,-522,65.24,nan,nan,nan,0.531,0.707,49.4,9.85
77803,40.25,-522,65.24,nan,nan,nan,0.531,0.707,49.4,9.85
77804,40.25,-522,65.24,nan,nan,nan,0.531,0.707,49.4,9.85
77805,40.25,-522,65.24,nan,nan,nan,0.529,0.707,49.4,9.85
77806,40.25,-522,65.24,nan,nan,nan,0.535,nan,49.4,5.9
77807,40.25,-521,65.24,nan,nan,nan,0.535,nan,49.4,5.9
77808,40.3,-521,65.24,nan,nan,nan,0.531,0.707,49.4,5.9
77809,40.3,-521,65.24,nan,nan,nan,0.531,0.707,49.4,5.9
77810,40.3,-526,65.24,nan,nan,nan,0.531,0.577,49.4,5.9
77811,36.45,-525,65.24,nan,nan,nan,0.545,0.665,49.4,9.35
77812,37.5,-525,65.24,nan,nan,nan,0.537,0.608,49.4,9.35
77813,37.5,-524,65.24,nan,nan,nan,0.53,0.606,49.4,6.05
77814,39.9,-524,65.24,nan,nan,nan,0.53,0.579,49.4,6.05
77815,39.9,-524,65.24,nan,nan,nan,0.53,0.579,49.4,6.05
77816,39.9,-524,65.24,nan,nan,nan,0.53,0.562,49.4,6.05
77817,39.9,-524,65.24,nan,nan,nan,0.53,0.608,49.4,6.05
77818,39.9,-524,65.24,nan,nan,nan,0.53,0.608,49.4,6.05
77819,39.9,-524,65.24,nan,nan,nan,0.53,0.56,49.4,6.05
77820,39.9,-524,65.24,nan,nan,nan,0.53,0.577,49.4,6.05
77821,39.9,-524,65.24,nan,nan,nan,0.53,0.707,49.4,6.05
77822,39.9,-523,65.24,nan,nan,nan,0.53,0.707,49.4,6.05
77823,41.45,-523,65.24,nan,nan,nan,0.528,0.707,49.4,6.05
77824,41.45,-523,65.24,nan,nan,nan,0.528,0.707,49.4,6.05
77825,41.45,-523,65.24,nan,nan,nan,0.528,0.707,49.4,6.05
77826,41.45,-523,65.24,nan,nan,nan,0.528,0.707,49.4,6.05
77827,41.45,-523,65.24,nan,nan,nan,0.528,0.707,49.4,6.05
77828,41.45,-523,65.24,nan,nan,nan,0.528,0.707,49.4,6.05
77829,41.45,-523,65.24,nan,nan,nan,0.528,0.707,49.4,6.05
77830,41.45,-522,65.24,nan,nan,nan,0.528,0.707,49.4,6.05
77831,41.45,-522,65.24,nan,nan,nan,0.528,nan,49.4,6.05
77832,41.45,-521,65.24,nan,nan,nan,0.528,nan,49.4,6.05
77833,41.45,-521,65.24,nan,nan,nan,0.528,nan,49.4,6.05
77834,41.45,-521,65.24,nan,nan,nan,0.528,nan,49.4,6.05
77835,41.45,-521,65.24,nan,nan,nan,0.528,nan,49.4,6.05
77836,41.45,-521,65.24,nan,nan,nan,0.526,nan,49.4,6.05
77837,41.45,-521,65.24,nan,nan,nan,0.53,nan,49.4,6.05
77838,41.45,-521,65.24,nan,nan,nan,0.529,nan,49.4,6.05
77839,41.45,-529,65.24,nan,nan,nan,0.534,nan,49.4,6.05
77840,37.0,-528,65.24,nan,nan,nan,0.564,1.049,49.4,6.05
77841,39.15,-527,65.24,nan,nan,nan,0.558,0.756,49.4,6.05
77842,39.15,-527,65.24,nan,nan,nan,0.558,0.756,49.4,6.05
77843,39.15,-526,65.24,nan,nan,nan,0.558,0.756,49.4,6.05
77844,39.15,-526,65.24,nan,nan,nan,0.558,0.756,49.4,6.05
77845,39.15,-526,65.24,nan,nan,nan,0.558,0.756,49.4,6.05
77846,39.15,-525,65.24,nan,nan,nan,0.558,0.756,49.4,6.05
77847,39.15,-524,65.24,nan,nan,nan,0.558,0.756,49.4,6.05
77848,39.15,-524,65.24,nan,nan,nan,0.558,0.342,49.4,6.05
77849,39.15,-523,65.24,nan,nan,nan,0.558,nan,49.4,6.05
77850,39.15,-523,65.24,nan,nan,nan,0.555,nan,49.4,6.05
77851,39.15,-523,65.24,nan,nan,nan,0.563,nan,49.4,6.05
77852,39.15,-523,65.24,nan,nan,nan,0.563,nan,49.4,6.05
77853,39.15,-522,65.24,nan,nan,nan,0.563,nan,49.4,6.05
77854,39.15,-522,65.24,nan,nan,nan,0.563,nan,49.4,6.05
77855,39.15,-522,65.24,nan,nan,nan,0.563,nan,49.4,6.05
77856,39.15,-521,65.24,nan,nan,nan,0.564,nan,49.4,6.05
77857,41.2,-521,65.24,nan,nan,nan,0.558,0.707,49.4,6.05
77858,41.2,-521,65.24,nan,nan,nan,0.558,0.707,49.4,6.05
77859,41.2,-521,65.24,nan,nan,nan,0.558,0.707,49.4,6.05
77860,41.2,-520,65.24,nan,nan,nan,0.559,0.577,49.4,6.05
77861,43.4,-520,65.24,nan,nan,nan,0.553,0.577,49.4,6.95
77862,43.4,-520,65.24,nan,nan,nan,0.553,0.577,49.4,6.95
77863,43.4,-520,65.24,nan,nan,nan,0.553,0.577,49.4,6.95
77864,43.4,-520,65.24,nan,nan,nan,0.553,0.577,49.4,6.95
77865,43.4,-519,65.24,nan,nan,nan,0.553,0.577,49.4,6.95
77866,43.4,-519,65.24,nan,nan,nan,0.553,0.707,49.4,6.95
77867,43.4,-519,65.24,nan,nan,nan,0.553,0.707,49.4,6.95
77868,43.4,-519,65.24,nan,nan,nan,0.553,0.707,49.4,6.95
77869,43.4,-518,65.24,nan,nan,nan,0.553,nan,49.4,6.95
77870,43.4,-518,65.24,nan,nan,nan,0.553,nan,49.4,6.95
77871,43.4,-518,65.24,nan,nan,nan,0.553,nan,49.4,6.95
77872,43.4,-518,65.24,nan,nan,nan,0.553,nan,49.4,6.95
77873,43.4,-518,65.24,nan,nan,nan,0.553,nan,49.4,6.95
77874,43.4,-518,65.24,nan,nan,nan,0.553,nan,49.4,6.95
77875,43.4,-518,65.24,nan,nan,nan,0.553,nan,49.4,6.95
77876,43.4,-517,65.24,nan,nan,nan,0.553,nan,49.4,6.95
77877,43.4,-517,65.24,nan,nan,nan,0.553,nan,49.4,6.95
77878,43.4,-517,65.24,nan,nan,nan,0.553,nan,49.4,6.95
77879,43.4,-517,65.24,nan,nan,nan,0.553,nan,49.4,6.95
77880,43.4,-517,65.24,nan,nan,nan,0.553,nan,49.4,6.95
77881,43.4,-517,65.24,nan,nan,nan,0.553,nan,49.4,6.95
77882,43.4,-518,65.24,nan,nan,nan,0.554,nan,49.4,6.95
77883,41.2,-518,65.24,nan,nan,nan,0.549,0.707,49.4,6.95
77884,41.2,-518,65.24,nan,nan,nan,0.549,0.707,49.4,6.95
77885,41.2,-518,65.24,nan,nan,nan,0.549,0.707,49.4,6.95
77886,41.2,-518,65.24,nan,nan,nan,0.547,0.707,49.4,6.95
77887,41.2,-518,65.24,nan,nan,nan,0.553,0.707,49.4,6.95
77888,41.2,-518,65.24,nan,nan,nan,0.553,0.707,49.4,6.95
77889,41.2,-517,65.24,nan,nan,nan,0.553,0.577,49.4,6.95
77890,43.4,-517,65.24,nan,nan,nan,0.553,0.577,49.4,6.95
77891,43.4,-517,65.24,nan,nan,nan,0.553,0.577,49.4,6.95
77892,43.4,-516,65.24,nan,nan,nan,0.553,0.707,49.4,6.95
77893,43.4,-515,65.24,nan,nan,nan,0.553,0.707,49.4,6.95
77894,43.4,-514,65.24,nan,nan,nan,0.553,0.707,49.4,6.95
77895,43.4,-514,65.24,nan,nan,nan,0.553,0.707,49.4,6.95
77896,43.4,-513,65.24,nan,nan,nan,0.553,0.577,49.4,6.95
77897,43.45,-513,65.24,nan,nan,nan,0.553,0.577,49.4,7.0
77898,43.45,-513,65.24,nan,nan,nan,0.553,0.577,49.4,7.0
77899,43.45,-513,65.24,nan,nan,nan,0.553,0.707,49.4,7.0
77900,43.45,-512,65.24,nan,nan,nan,0.553,0.707,49.4,7.0
77901,43.45,-512,65.24,nan,nan,nan,0.553,0.707,49.4,7.0
77902,43.45,-512,65.24,nan,nan,nan,0.553,0.707,49.4,7.0
77903,43.45,-512,65.24,nan,nan,nan,0.553,0.707,49.4,7.0
77904,43.45,-512,65.24,nan,nan,nan,0.553,0.707,49.4,7.0
77905,43.45,-512,65.24,nan,nan,nan,0.553,nan,49.4,7.0
77906,43.45,-512,65.24,nan,nan,nan,0.551,nan,49.4,7.0
77907,43.45,-511,65.24,nan,nan,nan,0.558,nan,49.4,7.0
77908,43.45,-511,65.24,nan,nan,nan,0.558,nan,49.4,7.0
77909,43.45,-511,65.24,nan,nan,nan,0.555,nan,49.4,7.0
77910,43.45,-511,65.24,nan,nan,nan,0.547,nan,49.4,7.0
77911,43.45,-511,65.24,nan,nan,nan,0.554,nan,49.4,6.45
77912,43.45,-510,65.24,nan,nan,nan,0.553,nan,49.4,6.45
77913,43.45,-510,65.24,nan,nan,nan,0.561,nan,49.4,6.45
77914,43.45,-510,65.24,nan,nan,nan,0.561,nan,49.4,6.45
77915,43.45,-510,65.24,nan,nan,nan,0.561,nan,49.4,6.45
77916,43.45,-510,65.24,nan,nan,nan,0.561,nan,49.4,6.45
77917,43.45,-509,65.24,nan,nan,nan,0.561,nan,49.4,6.45
77918,43.45,-509,65.24,nan,nan,nan,0.561,nan,49.4,6.45
77919,43.45,-508,65.24,nan,nan,nan,0.56,nan,49.4,6.45
77920,45.35,-508,65.24,nan,nan,nan,0.554,0.707,49.4,8.35
77921,45.35,-507,65.24,nan,nan,nan,0.553,0.707,49.4,8.35
77922,45.35,-507,65.24,nan,nan,nan,0.561,0.707,49.4,8.35
77923,45.35,-507,65.24,nan,nan,nan,0.561,0.707,49.4,8.35
77924,45.35,-507,65.24,nan,nan,nan,0.561,0.707,49.4,8.35
77925,45.35,-507,65.24,nan,nan,nan,0.561,0.707,49.4,8.35
77926,45.35,-507,65.24,nan,nan,nan,0.561,0.707,49.4,8.35
77927,45.35,-507,65.24,nan,nan,nan,0.561,0.707,49.4,8.35
77928,45.35,-507,65.24,nan,nan,nan,0.561,nan,49.4,8.35
77929,45.35,-507,65.24,nan,nan,nan,0.561,nan,49.4,8.35
77930,45.35,-552,65.24,nan,nan,nan,0.56,nan,49.4,8.35
77931,41.0,-551,65.24,nan,nan,nan,0.554,0.707,49.4,8.35
77932,41.0,-551,65.24,nan,nan,nan,0.554,0.707,49.4,8.35
77933,41.0,-551,65.24,nan,nan,nan,0.554,0.707,49.4,8.35
77934,41.0,-550,65.24,nan,nan,nan,0.554,0.707,49.4,8.35
77935,41.0,-549,65.24,nan,nan,nan,0.553,0.577,49.4,8.35
77936,42.05,-549,65.24,nan,nan,nan,0.549,0.577,49.4,8.35
77937,42.05,-549,65.24,nan,nan,nan,0.549,0.577,49.4,8.35
77938,42.05,-549,65.24,nan,nan,nan,0.547,0.577,49.4,8.35
77939,42.05,-554,65.24,nan,nan,nan,0.514,0.577,49.4,8.35
77940,39.4,-554,65.24,nan,nan,nan,0.514,0.577,49.4,6.2
77941,39.4,-554,65.24,nan,nan,nan,0.514,0.577,49.4,6.2
77942,39.4,-554,65.24,nan,nan,nan,0.514,0.577,49.4,6.2
77943,39.4,-553,65.24,nan,nan,nan,0.514,0.577,49.4,6.2
77944,39.4,-552,65.24,nan,nan,nan,0.513,0.577,49.4,6.2
77945,39.65,-551,65.24,nan,nan,nan,0.513,0.577,49.4,6.2
77946,39.65,-551,65.24,nan,nan,nan,0.513,0.577,49.4,6.2
77947,39.65,-550,65.24,nan,nan,nan,0.513,0.577,49.4,6.2
77948,39.65,-552,65.24,nan,nan,nan,0.512,0.577,49.4,6.2
77949,37.25,-552,65.24,nan,nan,nan,0.512,0.577,49.4,8.1
77950,37.25,-551,65.24,nan,nan,nan,0.511,0.548,49.4,8.1
77951,39.5,-550,65.24,nan,nan,nan,0.501,0.492,49.4,8.1
77952,41.1,-550,65.24,nan,nan,nan,0.502,0.506,49.4,8.1
77953,41.1,-549,65.24,nan,nan,nan,0.501,0.506,49.4,8.1
77954,42.1,-549,65.24,nan,nan,nan,0.502,0.506,49.4,8.1
77955,42.1,-549,65.24,nan,nan,nan,0.502,0.506,49.4,8.1
77956,42.1,-549,65.24,nan,nan,nan,0.502,0.506,49.4,8.1
77957,42.1,-549,65.24,nan,nan,nan,0.502,0.506,49.4,8.1
77958,42.1,-549,65.24,nan,nan,nan,0.502,0.509,49.4,8.1
77959,42.1,-548,65.24,nan,nan,nan,0.502,0.508,49.4,8.1
77960,42.1,-548,65.24,nan,nan,nan,0.502,0.577,49.4,8.1
77961,42.1,-547,65.24,nan,nan,nan,0.502,0.707,49.4,8.1
77962,42.1,-547,65.24,nan,nan,nan,0.502,nan,49.4,8.1
77963,42.1,-547,65.24,nan,nan,nan,0.502,nan,49.4,8.1
77964,42.1,-547,65.24,nan,nan,nan,0.502,nan,49.4,8.1
77965,42.1,-547,65.24,nan,nan,nan,0.502,nan,49.4,8.1
77966,42.1,-547,65.24,nan,nan,nan,0.502,nan,49.4,8.1
77967,42.1,-547,65.24,nan,nan,nan,0.502,nan,49.4,8.1
77968,42.1,-547,65.24,nan,nan,nan,0.502,nan,49.4,8.1
77969,42.1,-547,65.24,nan,nan,nan,0.502,nan,49.4,8.1
77970,42.1,-547,65.24,nan,nan,nan,0.502,nan,49.4,8.1
77971,42.1,-547,65.24,nan,nan,nan,0.502,nan,49.4,8.1
77972,42.1,-547,65.24,nan,nan,nan,0.502,nan,49.4,8.1
77973,42.1,-547,65.24,nan,nan,nan,0.502,nan,49.4,8.1
77974,42.1,-547,65.24,nan,nan,nan,0.502,nan,49.4,8.1
77975,42.1,-547,65.24,nan,nan,nan,0.502,nan,49.4,8.1
77976,42.1,-547,65.24,nan,nan,nan,0.502,nan,49.4,8.1
77977,42.1,-547,65.24,nan,nan,nan,0.502,nan,49.4,8.1
77978,42.1,-546,65.24,nan,nan,nan,0.502,nan,49.4,8.1
77979,42.1,-545,65.24,nan,nan,nan,0.502,nan,49.4,8.1
77980,42.1,-545,65.24,nan,nan,nan,0.502,nan,49.4,8.1
77981,42.1,-545,65.24,nan,nan,nan,0.502,nan,49.4,8.1
77982,42.1,-544,65.24,nan,nan,nan,0.502,nan,49.4,8.1
77983,42.1,-543,65.24,nan,nan,nan,0.501,nan,49.4,8.1
77984,42.6,-543,65.24,nan,nan,nan,0.502,0.707,49.4,8.1
77985,42.6,-542,65.24,nan,nan,nan,0.502,0.707,49.4,8.1
77986,42.6,-542,65.24,nan,nan,nan,0.502,0.707,49.4,8.1
77987,42.6,-542,65.24,nan,nan,nan,0.502,0.707,49.4,8.1
77988,42.6,-542,65.24,nan,nan,nan,0.502,0.707,49.4,8.1
77989,42.6,-542,65.24,nan,nan,nan,0.502,0.707,49.4,8.1
77990,42.6,-542,65.24,nan,nan,nan,0.502,0.707,49.4,8.1
77991,42.6,-542,65.24,nan,nan,nan,0.502,0.707,49.4,8.1
77992,42.6,-542,65.24,nan,nan,nan,0.502,nan,49.4,8.1
77993,42.6,-542,65.24,nan,nan,nan,0.502,nan,49.4,8.1
77994,42.6,-541,65.24,nan,nan,nan,0.502,nan,49.4,8.1
77995,42.6,-540,65.24,nan,nan,nan,0.502,nan,49.4,8.1
77996,42.85,-540,65.24,nan,nan,nan,0.502,0.707,49.4,8.1
77997,42.85,-540,65.24,nan,nan,nan,0.502,0.707,49.4,8.1
77998,42.85,-539,65.24,nan,nan,nan,0.502,0.707,49.4,8.1
77999,42.85,-539,65.24,nan,nan,nan,0.502,0.707,49.4,8.1
78000,42.85,-538,65.24,nan,nan,nan,0.502,0.707,49.4,8.1
78001,42.85,-538,65.24,nan,nan,nan,0.502,0.707,49.4,8.1
78002,42.85,-537,65.24,nan,nan,nan,0.502,0.707,49.4,8.1
78003,42.85,-536,65.24,nan,nan,nan,0.502,0.707,49.4,8.1
78004,42.85,-536,65.24,nan,nan,nan,0.502,nan,49.4,8.1
78005,42.85,-536,65.24,nan,nan,nan,0.502,nan,49.4,8.1
78006,42.85,-536,65.24,nan,nan,nan,0.502,nan,49.4,8.1
78007,42.85,-535,65.24,nan,nan,nan,0.502,nan,49.4,8.1
78008,42.85,-534,65.24,nan,nan,nan,0.502,nan,49.4,8.1
78009,42.85,-534,65.24,nan,nan,nan,0.502,nan,49.4,8.1
78010,42.85,-534,65.24,nan,nan,nan,0.502,nan,49.4,8.1
78011,42.85,-534,65.24,nan,nan,nan,0.502,nan,49.4,8.1
78012,42.85,-534,65.24,nan,nan,nan,0.502,nan,49.4,8.1
78013,42.85,-534,65.24,nan,nan,nan,0.502,nan,49.4,8.1
78014,42.85,-534,65.24,nan,nan,nan,0.502,nan,49.4,8.1
78015,42.85,-534,65.24,nan,nan,nan,0.502,nan,49.4,8.1
78016,42.85,-534,65.24,nan,nan,nan,0.502,nan,49.4,8.1
78017,42.85,-534,65.24,nan,nan,nan,0.502,nan,49.4,8.1
78018,42.85,-534,65.24,nan,nan,nan,0.502,nan,49.4,8.1
78019,42.85,-534,65.24,nan,nan,nan,0.502,nan,49.4,8.1
78020,42.85,-533,65.24,nan,nan,nan,0.502,nan,49.4,8.1
78021,42.85,-532,65.24,nan,nan,nan,0.501,nan,49.4,8.1
78022,43.0,-532,65.24,nan,nan,nan,0.502,0.707,49.4,8.1
78023,43.0,-532,65.24,nan,nan,nan,0.502,0.707,49.4,8.1
78024,43.0,-532,65.24,nan,nan,nan,0.502,0.707,49.4,8.1
78025,43.0,-532,65.24,nan,nan,nan,0.502,0.707,49.4,8.1
78026,43.0,-532,65.24,nan,nan,nan,0.502,0.707,49.4,8.1
78027,43.0,-532,65.24,nan,nan,nan,0.502,0.707,49.4,8.1
78028,43.0,-532,65.24,nan,nan,nan,0.502,0.707,49.4,8.1
78029,43.0,-531,65.24,nan,nan,nan,0.502,0.707,49.4,8.1
78030,43.0,-531,65.24,nan,nan,nan,0.502,nan,49.4,5.75
78031,43.0,-530,65.24,nan,nan,nan,0.502,nan,49.4,5.75
78032,43.0,-530,65.24,nan,nan,nan,0.502,nan,49.4,5.75
78033,43.0,-530,65.24,nan,nan,nan,0.502,nan,49.4,5.75
78034,43.0,-530,65.24,nan,nan,nan,0.502,nan,49.4,5.75
78035,43.0,-530,65.24,nan,nan,nan,0.503,nan,49.4,5.75
78036,43.0,-529,65.24,nan,nan,nan,0.503,nan,49.4,5.75
78037,43.0,-529,65.24,nan,nan,nan,0.503,nan,49.4,5.75
78038,43.0,-529,65.24,nan,nan,nan,0.503,nan,49.4,5.75
78039,43.0,-529,65.24,nan,nan,nan,0.503,nan,49.4,5.75
78040,43.0,-529,65.24,nan,nan,nan,0.503,nan,49.4,5.75
78041,43.0,-529,65.24,nan,nan,nan,0.503,nan,49.4,5.75
78042,43.0,-545,65.24,nan,nan,nan,0.501,nan,49.4,5.75
78043,40.0,-545,65.24,nan,nan,nan,0.503,0.707,49.4,5.75
78044,40.0,-545,65.24,nan,nan,nan,0.503,0.707,49.4,5.75
78045,40.0,-545,65.24,nan,nan,nan,0.503,0.707,49.4,5.75
78046,40.0,-545,65.24,nan,nan,nan,0.503,0.707,49.4,5.75
78047,40.0,-544,65.24,nan,nan,nan,0.503,0.577,49.4,5.75
78048,40.45,-543,65.24,nan,nan,nan,0.482,0.475,49.4,5.75
78049,40.7,-543,65.24,nan,nan,nan,0.485,0.501,49.4,5.75
78050,40.7,-543,65.24,nan,nan,nan,0.499,0.501,49.4,3.5
78051,40.7,-542,65.24,nan,nan,nan,0.5,0.484,49.4,3.0
78052,40.7,-541,65.24,nan,nan,nan,0.499,0.501,49.4,3.0
78053,40.7,-541,65.24,nan,nan,nan,0.5,0.501,49.4,3.0
78054,40.7,-541,65.24,nan,nan,nan,0.5,0.501,49.4,3.0
78055,40.7,-541,65.24,nan,nan,nan,0.5,0.501,49.4,3.0
78056,40.7,-541,65.24,nan,nan,nan,0.5,0.393,49.4,3.0
78057,40.7,-541,65.24,nan,nan,nan,0.5,nan,49.4,3.0
78058,40.7,-541,65.24,nan,nan,nan,0.5,nan,49.4,3.0
78059,40.7,-541,65.24,nan,nan,nan,0.5,nan,49.4,3.0
78060,40.7,-541,65.24,nan,nan,nan,0.5,nan,49.4,3.0
78061,40.7,-541,65.24,nan,nan,nan,0.5,nan,49.4,3.0
78062,40.7,-541,65.24,nan,nan,nan,0.5,nan,49.4,3.0
78063,40.7,-541,65.24,nan,nan,nan,0.5,nan,49.4,3.0
78064,40.7,-541,65.24,nan,nan,nan,0.5,nan,49.4,3.0
78065,40.7,-541,65.24,nan,nan,nan,0.5,nan,49.4,3.0
78066,40.7,-541,65.24,nan,nan,nan,0.5,nan,49.4,3.0
78067,40.7,-541,65.24,nan,nan,nan,0.5,nan,49.4,3.0
78068,40.7,-540,65.24,nan,nan,nan,0.5,nan,49.4,3.0
78069,40.7,-540,65.24,nan,nan,nan,0.5,nan,49.4,3.0
78070,40.7,-540,65.24,nan,nan,nan,0.5,nan,49.4,3.0
78071,40.7,-539,65.24,nan,nan,nan,0.5,nan,49.4,3.0
78072,40.7,-539,65.24,nan,nan,nan,0.5,nan,49.4,3.0
78073,40.7,-539,65.24,nan,nan,nan,0.5,nan,49.4,3.0
78074,40.7,-539,65.24,nan,nan,nan,0.5,nan,49.4,3.0
78075,40.7,-539,65.24,nan,nan,nan,0.5,nan,49.4,3.0
78076,40.7,-539,65.24,nan,nan,nan,0.5,nan,49.4,3.0
78077,40.7,-539,65.24,nan,nan,nan,0.5,nan,49.4,3.0
78078,40.7,-539,65.24,nan,nan,nan,0.5,nan,49.4,3.0
78079,40.7,-538,65.24,nan,nan,nan,0.5,nan,49.4,3.0
78080,40.7,-538,65.24,nan,nan,nan,0.5,nan,49.4,3.0
78081,40.7,-538,65.24,nan,nan,nan,0.5,nan,49.4,3.0
78082,40.7,-538,65.24,nan,nan,nan,0.498,nan,49.4,3.0
78083,40.7,-538,65.24,nan,nan,nan,0.5,nan,49.4,3.0
78084,40.7,-538,65.24,nan,nan,nan,0.5,nan,49.4,3.0
78085,40.7,-538,65.24,nan,nan,nan,0.5,nan,49.4,3.0
78086,40.7,-537,65.24,nan,nan,nan,0.497,nan,49.4,3.0
78087,40.8,-537,65.24,nan,nan,nan,0.5,0.707,49.4,3.0
78088,40.8,-536,65.24,nan,nan,nan,0.5,0.707,49.4,3.0
78089,40.8,-535,65.24,nan,nan,nan,0.5,0.707,49.4,3.0
78090,40.8,-535,65.24,nan,nan,nan,0.5,0.707,49.4,3.0
78091,40.8,-535,65.24,nan,nan,nan,0.5,0.707,49.4,3.0
78092,40.8,-535,65.24,nan,nan,nan,0.5,0.707,49.4,3.0
78093,40.8,-535,65.24,nan,nan,nan,0.5,0.707,49.4,3.0
78094,40.8,-535,65.24,nan,nan,nan,0.498,0.707,49.4,3.0
78095,40.8,-535,65.24,nan,nan,nan,0.5,nan,49.4,3.0
78096,40.8,-534,65.24,nan,nan,nan,0.5,nan,49.4,3.0
78097,40.8,-534,65.24,nan,nan,nan,0.5,nan,49.4,3.0
78098,40.8,-534,65.24,nan,nan,nan,0.5,nan,49.4,3.0
78099,40.8,-534,65.24,nan,nan,nan,0.5,nan,49.4,3.0
78100,40.8,-534,65.24,nan,nan,nan,0.5,nan,49.4,3.0
78101,40.8,-534,65.24,nan,nan,nan,0.5,nan,49.4,3.0
78102,40.8,-533,65.24,nan,nan,nan,0.5,nan,49.4,3.0
78103,40.8,-533,65.24,nan,nan,nan,0.5,nan,49.4,3.0
78104,40.8,-532,65.24,nan,nan,nan,0.5,nan,49.4,3.0
78105,40.8,-532,65.24,nan,nan,nan,0.5,nan,49.4,3.0
78106,40.8,-532,65.24,nan,nan,nan,0.5,nan,49.4,3.0
78107,40.8,-532,65.24,nan,nan,nan,0.5,nan,49.4,3.0
78108,40.8,-532,65.24,nan,nan,nan,0.5,nan,49.4,3.0
78109,40.8,-532,65.24,nan,nan,nan,0.5,nan,49.4,3.0
78110,40.8,-532,65.24,nan,nan,nan,0.5,nan,49.4,3.0
78111,40.8,-532,65.24,nan,nan,nan,0.5,nan,49.4,3.0
78112,40.8,-532,65.24,nan,nan,nan,0.5,nan,49.4,3.0
78113,40.8,-539,65.24,nan,nan,nan,0.497,nan,49.4,3.0
78114,36.7,-539,65.24,nan,nan,nan,0.5,0.707,49.4,6.3
78115,36.7,-538,65.24,nan,nan,nan,0.498,0.577,49.4,6.3
78116,38.65,-537,65.24,nan,nan,nan,0.5,0.577,49.4,6.3
78117,38.65,-537,65.24,nan,nan,nan,0.5,0.577,49.4,6.3
78118,38.65,-537,65.24,nan,nan,nan,0.5,0.577,49.4,6.3
78119,38.65,-537,65.24,nan,nan,nan,0.5,0.577,49.4,6.3
78120,38.65,-536,65.24,nan,nan,nan,0.499,0.577,49.4,6.3
78121,38.65,-535,65.24,nan,nan,nan,0.498,0.548,49.4,6.3
78122,39.7,-535,65.24,nan,nan,nan,0.5,0.548,49.4,6.3
78123,39.7,-535,65.24,nan,nan,nan,0.5,0.577,49.4,6.3
78124,39.7,-535,65.24,nan,nan,nan,0.5,0.577,49.4,6.3
78125,39.7,-535,65.24,nan,nan,nan,0.5,0.707,49.4,6.3
78126,39.7,-534,65.24,nan,nan,nan,0.5,0.707,49.4,6.3
78127,39.7,-534,65.24,nan,nan,nan,0.5,0.707,49.4,6.3
78128,39.7,-534,65.24,nan,nan,nan,0.5,0.707,49.4,6.3
78129,39.7,-534,65.24,nan,nan,nan,0.5,0.707,49.4,6.3
78130,39.7,-534,65.24,nan,nan,nan,0.5,nan,49.4,6.3
78131,39.7,-534,65.24,nan,nan,nan,0.5,nan,49.4,6.3
78132,39.7,-534,65.24,nan,nan,nan,0.5,nan,49.4,6.3
78133,39.7,-534,65.24,nan,nan,nan,0.5,nan,49.4,6.3
78134,39.7,-534,65.24,nan,nan,nan,0.5,nan,49.4,6.3
78135,39.7,-534,65.24,nan,nan,nan,0.5,nan,49.4,6.3
78136,39.7,-534,65.24,nan,nan,nan,0.5,nan,49.4,6.3
78137,39.7,-534,65.24,nan,nan,nan,0.5,nan,49.4,6.3
78138,39.7,-534,65.24,nan,nan,nan,0.5,nan,49.4,6.3
78139,39.7,-534,65.24,nan,nan,nan,0.5,nan,49.4,6.3
78140,39.7,-534,65.24,nan,nan,nan,0.5,nan,49.4,6.3
78141,39.7,-533,65.24,nan,nan,nan,0.5,nan,49.4,6.3
78142,40.8,-533,65.24,nan,nan,nan,0.5,0.707,49.4,4.1
78143,40.8,-533,65.24,nan,nan,nan,0.5,0.707,49.4,4.1
78144,40.8,-533,65.24,nan,nan,nan,0.5,0.707,49.4,4.1
78145,40.8,-532,65.24,nan,nan,nan,0.499,0.577,49.4,4.1
78146,42.95,-532,65.24,nan,nan,nan,0.499,0.577,49.4,6.25
78147,42.95,-531,65.24,nan,nan,nan,0.519,0.577,49.4,6.25
78148,42.95,-531,65.24,nan,nan,nan,0.522,0.577,49.4,6.25
78149,42.95,-532,65.24,nan,nan,nan,0.519,0.548,49.4,6.25
78150,40.8,-531,65.24,nan,nan,nan,0.646,0.837,49.4,6.25
78151,42.95,-531,65.24,nan,nan,nan,0.632,0.837,49.4,6.25
78152,42.95,-531,65.24,nan,nan,nan,0.632,0.837,49.4,6.25
78153,42.95,-531,65.24,nan,nan,nan,0.632,0.837,49.4,6.25
78154,42.95,-531,65.24,nan,nan,nan,0.632,0.816,49.4,6.25
78155,42.95,-531,65.24,nan,nan,nan,0.632,1.0,49.4,6.25
78156,42.95,-530,65.24,nan,nan,nan,0.632,1.0,49.4,6.25
78157,42.95,-530,65.24,nan,nan,nan,0.632,1.0,49.4,6.25
78158,42.95,-530,65.24,nan,nan,nan,0.632,0.707,49.4,6.25
78159,42.95,-530,65.24,nan,nan,nan,0.632,nan,49.4,6.25
78160,42.95,-530,65.24,nan,nan,nan,0.632,nan,49.4,6.25
78161,42.95,-530,65.24,nan,nan,nan,0.632,nan,49.4,6.25
78162,42.95,-530,65.24,nan,nan,nan,0.632,nan,49.4,6.25
78163,42.95,-530,65.24,nan,nan,nan,0.632,nan,49.4,6.25
78164,42.95,-529,65.24,nan,nan,nan,0.632,nan,49.4,6.25
78165,42.95,-529,65.24,nan,nan,nan,0.632,nan,49.4,6.25
78166,42.95,-529,65.24,nan,nan,nan,0.632,nan,49.4,6.25
78167,42.95,-529,65.24,nan,nan,nan,0.632,nan,49.4,6.25
78168,42.95,-529,65.24,nan,nan,nan,0.632,nan,49.4,6.25
78169,42.95,-529,65.24,nan,nan,nan,0.632,nan,49.4,6.25
78170,42.95,-528,65.24,nan,nan,nan,0.632,nan,49.4,6.25
78171,42.95,-528,65.24,nan,nan,nan,0.632,nan,49.4,6.25
78172,42.95,-528,65.24,nan,nan,nan,0.632,nan,49.4,6.25
78173,42.95,-528,65.24,nan,nan,nan,0.632,nan,49.4,6.25
78174,42.95,-531,65.24,nan,nan,nan,0.629,nan,49.4,6.25
78175,39.65,-531,65.24,nan,nan,nan,0.618,0.707,49.4,6.25
78176,39.65,-530,65.24,nan,nan,nan,0.618,0.707,49.4,6.25
78177,39.65,-530,65.24,nan,nan,nan,0.618,0.707,49.4,6.25
78178,39.65,-529,65.24,nan,nan,nan,0.616,0.577,49.4,6.25
78179,40.2,-529,65.24,nan,nan,nan,0.607,0.577,49.4,6.25
78180,40.2,-529,65.24,nan,nan,nan,0.607,0.577,49.4,6.25
78181,40.2,-529,65.24,nan,nan,nan,0.607,0.577,49.4,6.25
78182,40.2,-529,65.24,nan,nan,nan,0.607,0.577,49.4,6.25
78183,40.2,-529,65.24,nan,nan,nan,0.607,0.577,49.4,6.25
78184,40.2,-528,65.24,nan,nan,nan,0.605,0.577,49.4,6.25
78185,41.35,-528,65.24,nan,nan,nan,0.598,0.577,49.4,6.25
78186,41.35,-528,65.24,nan,nan,nan,0.607,0.577,49.4,6.25
78187,41.35,-528,65.24,nan,nan,nan,0.607,0.577,49.4,6.25
78188,41.35,-528,65.24,nan,nan,nan,0.607,0.707,49.4,6.25
78189,41.35,-528,65.24,nan,nan,nan,0.607,0.707,49.4,6.25
78190,41.35,-528,65.24,nan,nan,nan,0.607,0.707,49.4,6.25
78191,41.35,-528,65.24,nan,nan,nan,0.607,0.707,49.4,6.25
78192,41.35,-528,65.24,nan,nan,nan,0.607,0.707,49.4,6.25
78193,41.35,-528,65.24,nan,nan,nan,0.607,nan,49.4,6.25
78194,41.35,-528,65.24,nan,nan,nan,0.607,nan,49.4,6.25
78195,41.35,-528,65.24,nan,nan,nan,0.607,nan,49.4,6.25
78196,41.35,-527,65.24,nan,nan,nan,0.607,nan,49.4,6.25
78197,41.35,-526,65.24,nan,nan,nan,0.605,nan,49.4,6.25
78198,42.25,-526,65.24,nan,nan,nan,0.598,0.707,49.4,6.25
78199,42.25,-526,65.24,nan,nan,nan,0.598,0.707,49.4,6.25
78200,42.25,-526,65.24,nan,nan,nan,0.598,0.707,49.4,6.25
78201,42.25,-526,65.24,nan,nan,nan,0.598,0.707,49.4,6.25
78202,42.25,-526,65.24,nan,nan,nan,0.598,0.707,49.4,6.25
78203,42.25,-526,65.24,nan,nan,nan,0.598,0.707,49.4,6.25
78204,42.25,-526,65.24,nan,nan,nan,0.598,0.707,49.4,6.25
78205,42.25,-525,65.24,nan,nan,nan,0.598,0.707,49.4,6.25
78206,42.25,-525,65.24,nan,nan,nan,0.598,nan,49.4,6.25
78207,42.25,-524,65.24,nan,nan,nan,0.598,nan,49.4,6.25
78208,42.25,-524,65.24,nan,nan,nan,0.598,nan,49.4,6.25
78209,42.25,-524,65.24,nan,nan,nan,0.598,nan,49.4,6.25
78210,42.25,-524,65.24,nan,nan,nan,0.598,nan,49.4,6.25
78211,42.25,-524,65.24,nan,nan,nan,0.598,nan,49.4,6.25
78212,42.25,-524,65.24,nan,nan,nan,0.598,nan,49.4,6.25
78213,42.25,-524,65.24,nan,nan,nan,0.607,nan,49.4,6.25
78214,42.25,-523,65.24,nan,nan,nan,0.608,nan,49.4,6.25
78215,42.25,-523,65.24,nan,nan,nan,0.618,nan,49.4,4.3
78216,42.25,-523,65.24,nan,nan,nan,0.618,nan,49.4,4.3
78217,42.25,-523,65.24,nan,nan,nan,0.618,nan,49.4,4.3
78218,42.25,-523,65.24,nan,nan,nan,0.618,nan,49.4,4.3
78219,42.25,-523,65.24,nan,nan,nan,0.618,nan,49.4,4.3
78220,42.25,-523,65.24,nan,nan,nan,0.619,nan,49.4,4.3
78221,42.25,-522,65.24,nan,nan,nan,0.632,nan,49.4,3.3
78222,42.25,-522,65.24,nan,nan,nan,0.632,nan,49.4,3.3
78223,42.25,-521,65.24,nan,nan,nan,0.632,nan,49.4,3.3
78224,42.25,-520,65.24,nan,nan,nan,0.632,nan,49.4,3.3
78225,42.25,-520,65.24,nan,nan,nan,0.632,nan,49.4,3.3
78226,42.25,-519,65.24,nan,nan,nan,0.632,nan,49.4,3.3
78227,42.25,-519,65.24,nan,nan,nan,0.632,nan,49.4,3.3
78228,42.25,-519,65.24,nan,nan,nan,0.632,nan,49.4,3.3
78229,42.25,-519,65.24,nan,nan,nan,0.632,nan,49.4,3.3
78230,42.25,-519,65.24,nan,nan,nan,0.632,nan,49.4,3.3
78231,42.25,-519,65.24,nan,nan,nan,0.632,nan,49.4,3.3
78232,42.25,-519,65.24,nan,nan,nan,0.632,nan,49.4,3.3
78233,42.25,-518,65.24,nan,nan,nan,0.632,nan,49.4,3.3
78234,42.25,-518,65.24,nan,nan,nan,0.632,nan,49.4,3.3
78235,42.25,-520,65.24,nan,nan,nan,0.629,nan,49.4,3.3
78236,39.85,-519,65.24,nan,nan,nan,0.621,0.751,49.4,3.3
78237,40.0,-518,65.24,nan,nan,nan,2.34,5.528,49.4,3.3
78238,41.5,-518,65.24,nan,nan,nan,2.284,4.868,49.4,3.3
78239,41.5,-517,65.24,nan,nan,nan,2.223,4.287,49.4,3.3
78240,42.3,-517,65.24,nan,nan,nan,2.232,3.956,49.4,3.3
78241,42.3,-516,65.24,nan,nan,nan,2.223,3.631,49.4,3.3
78242,42.7,-516,65.24,nan,nan,nan,2.176,3.424,49.4,3.3
78243,42.7,-516,65.24,nan,nan,nan,2.176,3.424,49.4,3.3
78244,42.7,-516,65.24,nan,nan,nan,2.232,3.689,49.4,3.3
78245,42.7,-516,65.24,nan,nan,nan,2.284,3.95,49.4,3.3
78246,42.7,-516,65.24,nan,nan,nan,2.284,0.548,49.4,3.3
78247,42.7,-515,65.24,nan,nan,nan,2.284,0.577,49.4,3.3
78248,42.7,-515,65.24,nan,nan,nan,2.35,0.577,49.4,3.3
78249,42.7,-515,65.24,nan,nan,nan,2.373,0.707,49.4,3.3
78250,42.7,-515,65.24,nan,nan,nan,2.437,nan,49.4,3.3
78251,42.7,-514,65.24,nan,nan,nan,2.437,nan,49.4,3.3
78252,42.7,-513,65.24,nan,nan,nan,2.437,nan,49.4,3.3
78253,42.7,-513,65.24,nan,nan,nan,2.437,nan,49.4,3.3
78254,42.7,-513,65.24,nan,nan,nan,2.437,nan,49.4,3.3
78255,42.7,-513,65.24,nan,nan,nan,2.437,nan,49.4,3.3
78256,42.7,-513,65.24,nan,nan,nan,2.437,nan,49.4,3.3
78257,42.7,-512,65.24,nan,nan,nan,2.437,nan,49.4,3.3
78258,42.7,-511,65.24,nan,nan,nan,2.437,nan,49.4,3.3
78259,42.7,-511,65.24,nan,nan,nan,2.437,nan,49.4,3.3
78260,42.7,-510,65.24,nan,nan,nan,2.437,nan,49.4,3.3
78261,42.7,-510,65.24,nan,nan,nan,2.437,nan,49.4,3.3
78262,42.7,-510,65.24,nan,nan,nan,2.437,nan,49.4,3.3
78263,42.7,-510,65.24,nan,nan,nan,2.437,nan,49.4,3.3
78264,42.7,-510,65.24,nan,nan,nan,2.437,nan,49.4,3.3
78265,42.7,-510,65.24,nan,nan,nan,2.437,nan,49.4,3.3
78266,42.7,-509,65.24,nan,nan,nan,2.437,nan,49.4,3.3
78267,42.7,-509,65.24,nan,nan,nan,2.437,nan,49.4,3.3
78268,42.7,-509,65.24,nan,nan,nan,2.437,nan,49.4,3.3
78269,42.7,-509,65.24,nan,nan,nan,2.437,nan,49.4,3.3
78270,42.7,-509,65.24,nan,nan,nan,2.437,nan,49.4,3.3
78271,42.7,-508,65.24,nan,nan,nan,2.437,nan,49.4,3.3
78272,42.7,-508,65.24,nan,nan,nan,2.437,nan,49.4,3.3
78273,42.7,-508,65.24,nan,nan,nan,2.522,nan,49.4,3.3
78274,42.7,-507,65.24,nan,nan,nan,2.6,nan,49.4,3.05
78275,42.7,-507,65.24,nan,nan,nan,2.6,nan,49.4,3.05
78276,42.7,-506,65.24,nan,nan,nan,2.6,nan,49.4,3.05
78277,42.7,-506,65.24,nan,nan,nan,2.706,nan,49.4,3.05
78278,42.7,-505,65.24,nan,nan,nan,2.684,nan,49.4,2.85
78279,44.8,-505,65.24,nan,nan,nan,2.6,0.707,49.4,4.95
78280,44.8,-504,65.24,nan,nan,nan,2.505,0.577,49.4,4.95
78281,47.15,-504,65.24,nan,nan,nan,2.437,0.577,49.4,7.3
78282,47.15,-503,65.24,nan,nan,nan,2.437,0.577,49.4,7.3
78283,47.15,-503,65.24,nan,nan,nan,2.522,0.577,49.4,7.3
78284,47.15,-503,65.24,nan,nan,nan,2.6,0.577,49.4,7.3
78285,47.15,-503,65.24,nan,nan,nan,2.6,0.577,49.4,7.3
78286,47.15,-503,65.24,nan,nan,nan,2.6,0.577,49.4,7.3
78287,47.15,-502,65.24,nan,nan,nan,2.505,0.577,49.4,7.3
78288,47.2,-501,65.24,nan,nan,nan,6.906,13.175,49.4,7.35
78289,48.55,-500,65.24,nan,nan,nan,6.708,13.253,49.4,8.7
78290,49.25,-499,65.24,nan,nan,nan,6.537,13.253,49.4,9.4
78291,49.25,-498,65.24,nan,nan,nan,6.537,13.253,49.4,9.4
78292,49.25,-497,65.24,nan,nan,nan,6.362,11.8,49.4,9.4
78293,52.15,-496,65.24,nan,nan,nan,6.205,10.773,49.4,12.3
78294,53.95,-495,65.24,nan,nan,nan,6.069,10.016,49.4,14.1
78295,53.95,-495,65.24,nan,nan,nan,6.069,10.016,49.4,14.1
78296,53.95,-494,65.24,nan,nan,nan,6.22,10.855,49.4,14.1
78297,53.95,-499,65.24,nan,nan,nan,6.205,0.45,49.4,14.1
78298,49.9,-499,65.24,nan,nan,nan,6.069,0.498,49.4,14.1
78299,49.9,-499,65.24,nan,nan,nan,6.069,0.503,49.4,14.1
78300,49.9,-498,65.24,nan,nan,nan,6.069,0.503,49.4,14.1
78301,49.9,-500,65.24,nan,nan,nan,5.928,0.503,49.4,14.1
78302,47.25,-499,65.24,nan,nan,nan,5.822,0.745,49.4,14.1
78303,49.2,-499,65.24,nan,nan,nan,5.709,0.745,49.4,14.1
78304,49.2,-499,65.24,nan,nan,nan,5.709,0.745,49.4,14.1
78305,49.2,-499,65.24,nan,nan,nan,5.709,0.745,49.4,14.1
78306,49.2,-499,65.24,nan,nan,nan,5.709,0.713,49.4,14.1
78307,49.2,-498,65.24,nan,nan,nan,5.592,0.845,49.4,14.1
78308,50.25,-498,65.24,nan,nan,nan,5.492,0.745,49.4,14.1
78309,50.25,-498,65.24,nan,nan,nan,5.492,0.745,49.4,14.1
78310,50.25,-500,65.24,nan,nan,nan,5.387,0.745,49.4,14.1
78311,47.4,-500,65.24,nan,nan,nan,5.298,0.548,49.4,14.1
78312,47.4,-500,65.24,nan,nan,nan,5.298,0.577,49.4,14.1
78313,47.4,-499,65.24,nan,nan,nan,5.204,0.548,49.4,14.1
78314,49.2,-499,65.24,nan,nan,nan,5.123,0.548,49.4,14.1
78315,49.2,-499,65.24,nan,nan,nan,5.123,0.548,49.4,14.1
78316,49.2,-499,65.24,nan,nan,nan,5.123,0.548,49.4,14.1
78317,49.2,-499,65.24,nan,nan,nan,5.123,0.577,49.4,14.1
78318,49.2,-499,65.24,nan,nan,nan,5.123,0.577,49.4,14.1
78319,49.2,-498,65.24,nan,nan,nan,5.123,0.577,49.4,14.1
78320,49.2,-498,65.24,nan,nan,nan,5.123,0.707,49.4,14.1
78321,49.2,-498,65.24,nan,nan,nan,5.123,0.707,49.4,14.1
78322,49.2,-497,65.24,nan,nan,nan,5.123,nan,49.4,14.1
78323,49.2,-497,65.24,nan,nan,nan,5.123,nan,49.4,14.1
78324,49.2,-496,65.24,nan,nan,nan,5.038,nan,49.4,14.1
78325,51.45,-496,65.24,nan,nan,nan,4.964,0.707,49.4,14.1
78326,51.45,-495,65.24,nan,nan,nan,4.887,0.577,49.4,14.1
78327,54.9,-495,65.24,nan,nan,nan,4.82,0.577,49.4,15.05
78328,54.9,-495,65.24,nan,nan,nan,4.82,0.577,49.4,15.05
78329,54.9,-495,65.24,nan,nan,nan,4.82,0.577,49.4,15.05
78330,54.9,-495,65.24,nan,nan,nan,4.82,0.577,49.4,15.05
78331,54.9,-495,65.24,nan,nan,nan,4.82,0.577,49.4,15.05
78332,54.9,-495,65.24,nan,nan,nan,4.82,0.577,49.4,15.05
78333,54.9,-495,65.24,nan,nan,nan,4.82,0.577,49.4,15.05
78334,54.9,-495,65.24,nan,nan,nan,4.894,0.707,49.4,15.05
78335,54.9,-495,65.24,nan,nan,nan,4.964,nan,49.4,15.05
78336,54.9,-495,65.24,nan,nan,nan,4.798,nan,49.4,14.9
78337,54.9,-495,65.24,nan,nan,nan,4.874,nan,49.4,13.4
78338,54.9,-495,65.24,nan,nan,nan,4.959,nan,49.4,13.4
78339,54.9,-495,65.24,nan,nan,nan,5.043,nan,49.4,12.6
78340,54.9,-495,65.24,nan,nan,nan,5.139,nan,49.4,12.6
78341,54.9,-495,65.24,nan,nan,nan,5.232,nan,49.4,12.2
78342,54.9,-495,65.24,nan,nan,nan,5.232,nan,49.4,12.2
78343,54.9,-495,65.24,nan,nan,nan,5.232,nan,49.4,12.2
78344,54.9,-495,65.24,nan,nan,nan,5.232,nan,49.4,12.2
78345,54.9,-495,65.24,nan,nan,nan,5.232,nan,49.4,12.2
78346,54.9,-495,65.24,nan,nan,nan,5.232,nan,49.4,12.2
78347,54.9,-494,65.24,nan,nan,nan,5.232,nan,49.4,12.2
78348,54.9,-494,65.24,nan,nan,nan,5.232,nan,49.4,12.2
78349,54.9,-493,65.24,nan,nan,nan,5.232,nan,49.4,12.2
78350,54.9,-503,65.24,nan,nan,nan,5.132,nan,49.4,12.2
78351,49.65,-502,65.24,nan,nan,nan,5.049,1.044,49.4,12.2
78352,52.15,-502,65.24,nan,nan,nan,4.965,0.753,49.4,12.2
78353,52.15,-502,65.24,nan,nan,nan,4.965,0.753,49.4,12.2
78354,52.15,-502,65.24,nan,nan,nan,4.965,0.753,49.4,12.2
78355,52.15,-502,65.24,nan,nan,nan,4.965,0.753,49.4,12.2
78356,52.15,-502,65.24,nan,nan,nan,4.965,0.753,49.4,12.2
78357,52.15,-501,65.24,nan,nan,nan,4.965,0.753,49.4,12.2
78358,52.15,-501,65.24,nan,nan,nan,4.965,0.753,49.4,12.2
78359,52.15,-501,65.24,nan,nan,nan,4.965,0.337,49.4,12.2
78360,52.15,-501,65.24,nan,nan,nan,4.965,nan,49.4,12.2
78361,52.15,-501,65.24,nan,nan,nan,4.965,nan,49.4,12.2
78362,52.15,-501,65.24,nan,nan,nan,4.965,nan,49.4,12.2
78363,52.15,-501,65.24,nan,nan,nan,4.965,nan,49.4,12.2
78364,52.15,-501,65.24,nan,nan,nan,4.965,nan,49.4,12.2
78365,52.15,-501,65.24,nan,nan,nan,4.965,nan,49.4,12.2
78366,52.15,-501,65.24,nan,nan,nan,4.965,nan,49.4,12.2
78367,52.15,-501,65.24,nan,nan,nan,4.965,nan,49.4,12.2
78368,52.15,-501,65.24,nan,nan,nan,4.965,nan,49.4,12.2
78369,52.15,-501,65.24,nan,nan,nan,4.965,nan,49.4,12.2
78370,52.15,-501,65.24,nan,nan,nan,4.965,nan,49.4,12.2
78371,52.15,-501,65.24,nan,nan,nan,4.965,nan,49.4,12.2
78372,52.15,-501,65.24,nan,nan,nan,4.965,nan,49.4,12.2
78373,52.15,-501,65.24,nan,nan,nan,4.965,nan,49.4,12.2
78374,52.15,-501,65.24,nan,nan,nan,4.965,nan,49.4,12.2
78375,52.15,-501,65.24,nan,nan,nan,4.965,nan,49.4,12.2
78376,52.15,-501,65.24,nan,nan,nan,4.965,nan,49.4,12.2
78377,52.15,-501,65.24,nan,nan,nan,5.055,nan,49.4,12.2
78378,52.15,-501,65.24,nan,nan,nan,5.145,nan,49.4,10.1
78379,52.15,-501,65.24,nan,nan,nan,5.246,nan,49.4,10.1
78380,52.15,-501,65.24,nan,nan,nan,5.346,nan,49.4,7.75
78381,52.15,-501,65.24,nan,nan,nan,5.346,nan,49.4,7.75
78382,52.15,-501,65.24,nan,nan,nan,5.346,nan,49.4,7.75
78383,52.15,-500,65.24,nan,nan,nan,5.346,nan,49.4,7.75
78384,52.15,-500,65.24,nan,nan,nan,5.346,nan,49.4,7.75
78385,52.15,-499,65.24,nan,nan,nan,5.346,nan,49.4,7.75
78386,52.15,-498,65.24,nan,nan,nan,5.46,nan,49.4,7.75
78387,52.15,-498,65.24,nan,nan,nan,0.562,nan,49.4,7.7
78388,52.15,-498,65.24,nan,nan,nan,0.575,nan,49.4,7.65
78389,52.15,-498,65.24,nan,nan,nan,0.583,nan,49.4,7.65
78390,52.15,-497,65.24,nan,nan,nan,0.583,nan,49.4,7.65
78391,52.15,-497,65.24,nan,nan,nan,0.581,nan,49.4,7.65
78392,52.15,-497,65.24,nan,nan,nan,0.594,nan,49.4,7.65
78393,52.15,-497,65.24,nan,nan,nan,0.604,nan,49.4,7.65
78394,52.15,-496,65.24,nan,nan,nan,0.604,nan,49.4,7.65
78395,52.15,-495,65.24,nan,nan,nan,0.604,nan,49.4,7.65
78396,52.15,-495,65.24,nan,nan,nan,0.602,nan,49.4,7.65
78397,52.15,-494,65.24,nan,nan,nan,0.615,nan,49.4,7.65
78398,52.15,-494,65.24,nan,nan,nan,0.615,nan,49.4,7.65
78399,52.15,-494,65.24,nan,nan,nan,0.615,nan,49.4,7.65
78400,52.15,-494,65.24,nan,nan,nan,0.612,nan,49.4,7.65
78401,52.15,-493,65.24,nan,nan,nan,0.56,nan,49.4,7.65
78402,53.95,-493,65.24,nan,nan,nan,0.56,0.707,49.4,7.5
78403,53.95,-493,65.24,nan,nan,nan,0.56,0.707,49.4,7.5
78404,53.95,-492,65.24,nan,nan,nan,0.56,0.707,49.4,7.5
78405,53.95,-491,65.24,nan,nan,nan,0.56,0.707,49.4,7.5
78406,53.95,-491,65.24,nan,nan,nan,0.558,0.707,49.4,7.5
78407,53.95,-491,65.24,nan,nan,nan,0.569,0.707,49.4,7.5
78408,53.95,-491,65.24,nan,nan,nan,0.569,0.707,49.4,7.5
78409,53.95,-491,65.24,nan,nan,nan,0.566,0.707,49.4,7.5
78410,53.95,-491,65.24,nan,nan,nan,0.58,nan,49.4,7.5
78411,53.95,-491,65.24,nan,nan,nan,0.58,nan,49.4,7.5
78412,53.95,-491,65.24,nan,nan,nan,0.576,nan,49.4,7.5
78413,53.95,-491,65.24,nan,nan,nan,0.597,nan,49.4,5.7
78414,53.95,-491,65.24,nan,nan,nan,0.597,nan,49.4,5.7
78415,53.95,-491,65.24,nan,nan,nan,0.597,nan,49.4,5.7
78416,53.95,-491,65.24,nan,nan,nan,0.597,nan,49.4,5.7
78417,53.95,-491,65.24,nan,nan,nan,0.597,nan,49.4,5.7
78418,53.95,-491,65.24,nan,nan,nan,0.597,nan,49.4,5.7
78419,53.95,-490,65.24,nan,nan,nan,0.597,nan,49.4,5.7
78420,53.95,-490,65.24,nan,nan,nan,0.597,nan,49.4,5.7
78421,53.95,-490,65.24,nan,nan,nan,0.597,nan,49.4,5.7
78422,53.95,-490,65.24,nan,nan,nan,0.597,nan,49.4,5.7
78423,53.95,-490,65.24,nan,nan,nan,0.589,nan,49.4,5.7
78424,53.95,-490,65.24,nan,nan,nan,0.621,nan,49.4,5.25
78425,53.95,-490,65.24,nan,nan,nan,0.607,nan,49.4,5.25
78426,53.95,-490,65.24,nan,nan,nan,0.664,nan,49.4,5.25
78427,53.95,-494,65.24,nan,nan,nan,0.658,nan,49.4,5.25
78428,49.2,-494,65.24,nan,nan,nan,0.621,0.707,49.4,5.7
78429,49.2,-494,65.24,nan,nan,nan,0.621,0.707,49.4,5.7
78430,49.2,-494,65.24,nan,nan,nan,0.621,0.707,49.4,5.7
78431,49.2,-493,65.24,nan,nan,nan,0.621,0.707,49.4,5.7
78432,49.2,-493,65.24,nan,nan,nan,0.621,0.707,49.4,5.7
78433,49.2,-493,65.24,nan,nan,nan,0.621,0.707,49.4,5.7
78434,49.2,-492,65.24,nan,nan,nan,0.621,0.707,49.4,5.7
78435,49.2,-492,65.24,nan,nan,nan,0.621,0.707,49.4,5.7
78436,49.2,-492,65.24,nan,nan,nan,0.621,nan,49.4,5.7
78437,49.2,-491,65.24,nan,nan,nan,0.618,nan,49.4,5.7
78438,51.45,-491,65.24,nan,nan,nan,0.597,0.707,49.4,5.7
78439,51.45,-490,65.24,nan,nan,nan,0.594,0.577,49.4,5.7
78440,53.65,-490,65.24,nan,nan,nan,0.58,0.577,49.4,5.7
78441,53.65,-489,65.24,nan,nan,nan,0.58,0.577,49.4,5.7
78442,53.65,-489,65.24,nan,nan,nan,0.58,0.577,49.4,5.7
78443,53.65,-488,65.24,nan,nan,nan,0.58,0.577,49.4,5.7
78444,53.65,-487,65.24,nan,nan,nan,0.58,0.577,49.4,5.7
78445,53.65,-487,65.24,nan,nan,nan,0.58,0.577,49.4,5.7
78446,53.65,-487,65.24,nan,nan,nan,0.58,0.577,49.4,5.7
78447,53.65,-487,65.24,nan,nan,nan,0.58,0.707,49.4,5.7
78448,53.65,-487,65.24,nan,nan,nan,0.58,nan,49.4,5.7
78449,53.65,-487,65.24,nan,nan,nan,0.576,nan,49.4,5.7
78450,53.65,-487,65.24,nan,nan,nan,0.527,nan,49.4,4.75
78451,53.65,-487,65.24,nan,nan,nan,0.535,nan,49.4,4.75
78452,53.65,-486,65.24,nan,nan,nan,0.535,nan,49.4,4.75
78453,53.65,-485,65.24,nan,nan,nan,0.535,nan,49.4,4.75
78454,53.65,-485,65.24,nan,nan,nan,0.535,nan,49.4,4.75
78455,53.65,-484,65.24,nan,nan,nan,0.535,nan,49.4,4.75
78456,53.65,-484,65.24,nan,nan,nan,0.535,nan,49.4,4.75
78457,53.65,-484,65.24,nan,nan,nan,0.535,nan,49.4,4.75
78458,53.65,-484,65.24,nan,nan,nan,0.535,nan,49.4,4.75
78459,53.65,-484,65.24,nan,nan,nan,0.535,nan,49.4,4.75
78460,53.65,-484,65.24,nan,nan,nan,0.535,nan,49.4,4.75
78461,53.65,-484,65.24,nan,nan,nan,0.535,nan,49.4,4.75
78462,53.65,-483,65.24,nan,nan,nan,0.535,nan,49.4,4.75
78463,53.65,-483,65.24,nan,nan,nan,0.535,nan,49.4,4.75
78464,53.65,-483,65.24,nan,nan,nan,0.535,nan,49.4,4.75
78465,53.65,-482,65.24,nan,nan,nan,0.527,nan,49.4,4.75
78466,55.75,-482,65.24,nan,nan,nan,0.527,0.707,49.4,6.55
78467,55.75,-482,65.24,nan,nan,nan,0.527,0.707,49.4,6.55
78468,55.75,-481,65.24,nan,nan,nan,0.522,0.577,49.4,6.55
78469,59.25,-481,65.24,nan,nan,nan,0.522,0.577,49.4,10.05
78470,59.25,-480,65.24,nan,nan,nan,0.519,0.548,49.4,10.05
78471,59.6,-479,65.24,nan,nan,nan,0.519,0.548,49.4,10.4
78472,59.6,-479,65.24,nan,nan,nan,0.519,0.548,49.4,10.4
78473,59.6,-494,65.24,nan,nan,nan,0.516,0.535,49.4,10.4
78474,54.05,-494,65.24,nan,nan,nan,0.516,0.535,49.4,10.4
78475,54.05,-494,65.24,nan,nan,nan,0.516,0.548,49.4,10.4
78476,54.05,-496,65.24,nan,nan,nan,0.514,0.535,49.4,10.4
78477,49.2,-496,65.24,nan,nan,nan,0.514,0.535,49.4,10.4
78478,49.2,-496,65.24,nan,nan,nan,0.514,0.548,49.4,10.4
78479,49.2,-496,65.24,nan,nan,nan,0.514,0.548,49.4,10.4
78480,49.2,-496,65.24,nan,nan,nan,0.514,0.577,49.4,10.4
78481,49.2,-496,65.24,nan,nan,nan,0.514,0.577,49.4,10.4
78482,49.2,-496,65.24,nan,nan,nan,0.514,0.577,49.4,10.4
78483,49.2,-496,65.24,nan,nan,nan,0.514,0.707,49.4,10.4
78484,49.2,-496,65.24,nan,nan,nan,0.514,0.707,49.4,10.4
78485,49.2,-496,65.24,nan,nan,nan,0.514,nan,49.4,10.4
78486,49.2,-495,65.24,nan,nan,nan,0.513,nan,49.4,10.4
78487,51.85,-494,65.24,nan,nan,nan,0.534,0.267,49.4,10.4
78488,55.5,-494,65.24,nan,nan,nan,0.535,0.712,49.4,10.4
78489,55.5,-493,65.24,nan,nan,nan,0.535,0.712,49.4,10.4
78490,55.5,-493,65.24,nan,nan,nan,0.535,0.712,49.4,10.4
78491,55.5,-493,65.24,nan,nan,nan,0.535,0.712,49.4,10.4
78492,55.5,-493,65.24,nan,nan,nan,0.535,0.712,49.4,10.4
78493,55.5,-493,65.24,nan,nan,nan,0.535,0.712,49.4,10.4
78494,55.5,-493,65.24,nan,nan,nan,0.535,0.712,49.4,10.4
78495,55.5,-492,65.24,nan,nan,nan,0.535,0.974,49.4,10.4
78496,55.5,-492,65.24,nan,nan,nan,0.535,nan,49.4,10.4
78497,55.5,-491,65.24,nan,nan,nan,0.535,nan,49.4,10.4
78498,55.5,-491,65.24,nan,nan,nan,0.535,nan,49.4,10.4
78499,55.5,-491,65.24,nan,nan,nan,0.535,nan,49.4,10.4
78500,55.5,-491,65.24,nan,nan,nan,0.539,nan,49.4,10.4
78501,55.5,-491,65.24,nan,nan,nan,0.539,nan,49.4,10.4
78502,55.5,-490,65.24,nan,nan,nan,0.534,nan,49.4,10.4
78503,56.05,-490,65.24,nan,nan,nan,0.535,0.707,49.4,10.4
78504,56.05,-490,65.24,nan,nan,nan,0.535,0.707,49.4,10.4
78505,56.05,-492,65.24,nan,nan,nan,0.532,0.577,49.4,10.4
78506,51.85,-492,65.24,nan,nan,nan,0.532,0.577,49.4,10.4
78507,51.85,-492,65.24,nan,nan,nan,0.532,0.577,49.4,10.4
78508,51.85,-491,65.24,nan,nan,nan,0.529,0.548,49.4,10.4
78509,55.5,-490,65.24,nan,nan,nan,0.524,0.523,49.4,10.4
78510,56.05,-490,65.24,nan,nan,nan,0.525,0.517,49.4,10.4
78511,56.05,-490,65.24,nan,nan,nan,0.525,0.5,49.4,10.4
78512,56.05,-490,65.24,nan,nan,nan,0.525,0.524,49.4,10.4
78513,56.05,-490,65.24,nan,nan,nan,0.525,0.524,49.4,10.4
78514,56.05,-490,65.24,nan,nan,nan,0.525,0.48,49.4,10.4
78515,56.05,-490,65.24,nan,nan,nan,0.525,0.539,49.4,10.4
78516,56.05,-490,65.24,nan,nan,nan,0.525,0.539,49.4,10.4
78517,56.05,-489,65.24,nan,nan,nan,0.525,0.107,49.4,10.4
78518,56.05,-489,65.24,nan,nan,nan,0.525,nan,49.4,10.4
78519,56.05,-489,65.24,nan,nan,nan,0.525,nan,49.4,10.4
78520,56.05,-489,65.24,nan,nan,nan,0.525,nan,49.4,10.4
78521,56.05,-489,65.24,nan,nan,nan,0.525,nan,49.4,10.4
78522,56.05,-488,65.24,nan,nan,nan,0.525,nan,49.4,10.4
78523,56.05,-488,65.24,nan,nan,nan,0.525,nan,49.4,10.4
78524,56.05,-488,65.24,nan,nan,nan,0.525,nan,49.4,10.4
78525,56.05,-488,65.24,nan,nan,nan,0.525,nan,49.4,10.4
78526,56.05,-488,65.24,nan,nan,nan,0.526,nan,49.4,10.4
78527,56.05,-487,65.24,nan,nan,nan,0.527,nan,49.4,10.4
78528,56.05,-486,65.24,nan,nan,nan,0.524,nan,49.4,10.4
78529,56.3,-485,65.24,nan,nan,nan,0.525,0.707,49.4,10.4
78530,56.3,-484,65.24,nan,nan,nan,0.525,0.707,49.4,10.4
78531,56.3,-484,65.24,nan,nan,nan,0.525,0.707,49.4,10.4
78532,56.3,-484,65.24,nan,nan,nan,0.525,0.707,49.4,10.4
78533,56.3,-484,65.24,nan,nan,nan,0.525,0.707,49.4,10.4
78534,56.3,-484,65.24,nan,nan,nan,0.525,0.707,49.4,10.4
78535,56.3,-484,65.24,nan,nan,nan,0.525,0.707,49.4,10.4
78536,56.3,-483,65.24,nan,nan,nan,0.526,0.707,49.4,10.4
78537,56.3,-483,65.24,nan,nan,nan,0.527,nan,49.4,10.4
78538,56.3,-482,65.24,nan,nan,nan,0.528,nan,49.4,10.4
78539,56.3,-482,65.24,nan,nan,nan,0.529,nan,49.4,10.4
78540,56.3,-482,65.24,nan,nan,nan,0.529,nan,49.4,10.4
78541,56.3,-481,65.24,nan,nan,nan,0.529,nan,49.4,10.4
78542,56.3,-480,65.24,nan,nan,nan,0.529,nan,49.4,10.4
78543,56.3,-479,65.24,nan,nan,nan,0.526,nan,49.4,10.4
78544,56.45,-478,65.24,nan,nan,nan,2.262,7.307,49.4,10.4
78545,58.15,-478,65.24,nan,nan,nan,2.223,6.275,49.4,10.4
78546,58.15,-477,65.24,nan,nan,nan,2.178,5.354,49.4,10.4
78547,59.05,-477,65.24,nan,nan,nan,2.144,4.871,49.4,10.4
78548,59.05,-476,65.24,nan,nan,nan,2.144,4.871,49.4,10.4
78549,59.05,-476,65.24,nan,nan,nan,2.144,4.871,49.4,10.4
78550,59.05,-475,65.24,nan,nan,nan,2.144,4.871,49.4,10.4
78551,59.05,-475,65.24,nan,nan,nan,2.144,4.871,49.4,10.4
78552,59.05,-475,65.24,nan,nan,nan,2.144,5.52,49.4,10.4
78553,59.05,-475,65.24,nan,nan,nan,2.144,0.577,49.4,10.4
78554,59.05,-475,65.24,nan,nan,nan,2.144,0.707,49.4,10.4
78555,59.05,-475,65.24,nan,nan,nan,2.144,nan,49.4,10.4
78556,59.05,-475,65.24,nan,nan,nan,2.144,nan,49.4,10.4
78557,59.05,-474,65.24,nan,nan,nan,2.144,nan,49.4,10.4
78558,59.05,-473,65.24,nan,nan,nan,2.144,nan,49.4,10.4
78559,59.05,-473,65.24,nan,nan,nan,2.144,nan,49.4,10.4
78560,59.05,-473,65.24,nan,nan,nan,2.144,nan,49.4,10.4
78561,59.05,-473,65.24,nan,nan,nan,2.144,nan,49.4,10.4
78562,59.05,-473,65.24,nan,nan,nan,2.144,nan,49.4,10.4
78563,59.05,-473,65.24,nan,nan,nan,2.144,nan,49.4,10.4
78564,59.05,-473,65.24,nan,nan,nan,2.186,nan,49.4,10.4
78565,59.05,-473,65.24,nan,nan,nan,2.223,nan,49.4,10.4
78566,59.05,-472,65.24,nan,nan,nan,2.223,nan,49.4,10.4
78567,59.05,-472,65.24,nan,nan,nan,2.271,nan,49.4,10.4
78568,59.05,-472,65.24,nan,nan,nan,2.312,nan,49.4,10.4
78569,59.05,-472,65.24,nan,nan,nan,2.367,nan,49.4,10.4
78570,59.05,-472,65.24,nan,nan,nan,2.415,nan,49.4,10.4
78571,59.05,-472,65.24,nan,nan,nan,2.415,nan,49.4,10.4
78572,59.05,-472,65.24,nan,nan,nan,2.477,nan,49.4,10.4
78573,59.05,-472,65.24,nan,nan,nan,2.533,nan,49.4,9.85
78574,59.05,-472,65.24,nan,nan,nan,2.533,nan,49.4,9.85
78575,59.05,-472,65.24,nan,nan,nan,2.606,nan,49.4,9.85
78576,59.05,-472,65.24,nan,nan,nan,2.671,nan,49.4,9.85
78577,59.05,-472,65.24,nan,nan,nan,2.671,nan,49.4,9.85
78578,59.05,-472,65.24,nan,nan,nan,2.671,nan,49.4,9.85
78579,59.05,-472,65.24,nan,nan,nan,2.671,nan,49.4,9.85
78580,59.05,-472,65.24,nan,nan,nan,2.671,nan,49.4,9.85
78581,59.05,-472,65.24,nan,nan,nan,2.671,nan,49.4,9.85
78582,59.05,-472,65.24,nan,nan,nan,2.671,nan,49.4,9.85
78583,59.05,-472,65.24,nan,nan,nan,2.671,nan,49.4,9.85
78584,59.05,-472,65.24,nan,nan,nan,2.671,nan,49.4,9.85
78585,59.05,-471,65.24,nan,nan,nan,2.758,nan,49.4,9.85
78586,59.05,-471,65.24,nan,nan,nan,2.855,nan,49.4,7.2
78587,59.05,-471,65.24,nan,nan,nan,2.943,nan,49.4,7.2
78588,59.05,-470,65.24,nan,nan,nan,2.943,nan,49.4,7.2
78589,59.05,-469,65.24,nan,nan,nan,2.943,nan,49.4,7.2
78590,59.05,-469,65.24,nan,nan,nan,2.943,nan,49.4,7.2
78591,59.05,-469,65.24,nan,nan,nan,2.943,nan,49.4,7.2
78592,59.05,-469,65.24,nan,nan,nan,2.943,nan,49.4,7.2
78593,59.05,-468,65.24,nan,nan,nan,2.943,nan,49.4,7.2
78594,59.05,-467,65.24,nan,nan,nan,2.943,nan,49.4,7.2
78595,59.05,-466,65.24,nan,nan,nan,2.943,nan,49.4,7.2
78596,59.05,-466,65.24,nan,nan,nan,2.943,nan,49.4,7.2
78597,59.05,-466,65.24,nan,nan,nan,2.943,nan,49.4,7.2
78598,59.05,-466,65.24,nan,nan,nan,2.943,nan,49.4,7.2
78599,59.05,-466,65.24,nan,nan,nan,2.943,nan,49.4,7.2
78600,59.05,-466,65.24,nan,nan,nan,2.943,nan,49.4,7.2
78601,59.05,-466,65.24,nan,nan,nan,3.063,nan,49.4,7.2
78602,59.05,-466,65.24,nan,nan,nan,3.174,nan,49.4,7.2
78603,59.05,-465,65.24,nan,nan,nan,3.174,nan,49.4,7.2
78604,59.05,-464,65.24,nan,nan,nan,3.327,nan,49.4,7.2
78605,59.05,-464,65.24,nan,nan,nan,3.472,nan,49.4,7.2
78606,59.05,-463,65.24,nan,nan,nan,3.472,nan,49.4,7.2
78607,59.05,-463,65.24,nan,nan,nan,3.677,nan,49.4,7.2
78608,59.05,-463,65.24,nan,nan,nan,3.887,nan,49.4,3.55
78609,59.05,-463,65.24,nan,nan,nan,4.125,nan,49.4,3.0
78610,59.05,-463,65.24,nan,nan,nan,4.125,nan,49.4,3.0
78611,59.05,-463,65.24,nan,nan,nan,4.125,nan,49.4,3.0
78612,59.05,-463,65.24,nan,nan,nan,4.125,nan,49.4,3.0
78613,59.05,-463,65.24,nan,nan,nan,4.125,nan,49.4,3.0
78614,59.05,-463,65.24,nan,nan,nan,4.125,nan,49.4,3.0
78615,59.05,-463,65.24,nan,nan,nan,4.125,nan,49.4,3.0
78616,59.05,-463,65.24,nan,nan,nan,4.125,nan,49.4,3.0
78617,59.05,-463,65.24,nan,nan,nan,4.125,nan,49.4,3.0
78618,59.05,-463,65.24,nan,nan,nan,4.125,nan,49.4,3.0
78619,59.05,-462,65.24,nan,nan,nan,4.125,nan,49.4,3.0
78620,59.05,-461,65.24,nan,nan,nan,4.125,nan,49.4,3.0
78621,59.05,-461,65.24,nan,nan,nan,4.125,nan,49.4,3.0
78622,59.05,-461,65.24,nan,nan,nan,4.125,nan,49.4,3.0
78623,59.05,-461,65.24,nan,nan,nan,4.125,nan,49.4,3.0
78624,59.05,-461,65.24,nan,nan,nan,4.125,nan,49.4,3.0
78625,59.05,-461,65.24,nan,nan,nan,4.125,nan,49.4,3.0
78626,59.05,-460,65.24,nan,nan,nan,4.125,nan,49.4,3.0
78627,59.05,-459,65.24,nan,nan,nan,4.49,nan,49.4,3.0
78628,59.05,-458,65.24,nan,nan,nan,4.409,nan,49.4,2.75
78629,59.5,-458,65.24,nan,nan,nan,4.125,0.707,49.4,3.2
78630,59.5,-457,65.24,nan,nan,nan,4.125,0.707,49.4,3.2
78631,59.5,-456,65.24,nan,nan,nan,4.125,0.707,49.4,3.2
78632,59.5,-456,65.24,nan,nan,nan,4.125,0.707,49.4,3.2
78633,59.5,-455,65.24,nan,nan,nan,3.837,0.577,49.4,3.2
78634,59.75,-455,65.24,nan,nan,nan,3.646,0.577,49.4,3.45
78635,59.75,-454,65.24,nan,nan,nan,3.646,0.577,49.4,3.45
78636,59.75,-454,65.24,nan,nan,nan,3.646,0.577,49.4,3.45
78637,59.75,-453,65.24,nan,nan,nan,3.646,0.577,49.4,3.45
78638,59.75,-453,65.24,nan,nan,nan,3.646,0.707,49.4,3.45
78639,59.75,-453,65.24,nan,nan,nan,3.646,0.707,49.4,3.45
78640,59.75,-453,65.24,nan,nan,nan,3.646,0.707,49.4,3.45
78641,59.75,-452,65.24,nan,nan,nan,3.646,0.707,49.4,3.45
78642,59.75,-452,65.24,nan,nan,nan,3.887,nan,49.4,3.45
78643,59.75,-452,65.24,nan,nan,nan,0.535,nan,49.4,3.3
78644,59.75,-452,65.24,nan,nan,nan,0.548,nan,49.4,1.6
78645,59.75,-451,65.24,nan,nan,nan,0.548,nan,49.4,1.6
78646,59.75,-451,65.24,nan,nan,nan,0.577,nan,49.4,0.7
78647,59.75,-451,65.24,nan,nan,nan,0.577,nan,49.4,0.7
78648,59.75,-451,65.24,nan,nan,nan,0.577,nan,49.4,0.7
78649,59.75,-451,65.24,nan,nan,nan,0.577,nan,49.4,0.7
78650,59.75,-450,65.24,nan,nan,nan,0.577,nan,49.4,0.7
78651,59.75,-450,65.24,nan,nan,nan,0.577,nan,49.4,0.7
78652,59.75,-450,65.24,nan,nan,nan,0.577,nan,49.4,0.7
78653,59.75,-450,65.24,nan,nan,nan,0.577,nan,49.4,0.7
78654,59.75,-450,65.24,nan,nan,nan,0.577,nan,49.4,0.7
78655,59.75,-449,65.24,nan,nan,nan,0.577,nan,49.4,0.7
78656,59.75,-449,65.24,nan,nan,nan,0.577,nan,49.4,0.7
78657,59.75,-449,65.24,nan,nan,nan,0.577,nan,49.4,0.7
78658,59.75,-448,65.24,nan,nan,nan,0.577,nan,49.4,0.7
78659,59.75,-448,65.24,nan,nan,nan,0.577,nan,49.4,0.7
78660,59.75,-447,65.24,nan,nan,nan,0.577,nan,49.4,0.7
78661,59.75,-447,65.24,nan,nan,nan,0.577,nan,49.4,0.7
78662,59.75,-446,65.24,nan,nan,nan,0.577,nan,49.4,0.7
78663,59.75,-446,65.24,nan,nan,nan,0.577,nan,49.4,0.7
78664,59.75,-445,65.24,nan,nan,nan,0.577,nan,49.4,0.7
78665,59.75,-445,65.24,nan,nan,nan,0.577,nan,49.4,0.7
78666,59.75,-445,65.24,nan,nan,nan,0.577,nan,49.4,0.7
78667,59.75,-445,65.24,nan,nan,nan,0.577,nan,49.4,0.7
78668,59.75,-444,65.24,nan,nan,nan,0.577,nan,49.4,0.7
78669,59.75,-444,65.24,nan,nan,nan,0.577,nan,49.4,0.7
78670,59.75,-444,65.24,nan,nan,nan,0.577,nan,49.4,0.7
78671,59.75,-443,65.24,nan,nan,nan,0.548,nan,49.4,0.7
78672,62.85,-443,65.24,nan,nan,nan,0.548,0.707,49.4,3.8
78673,62.85,-443,65.24,nan,nan,nan,0.548,0.707,49.4,3.8
78674,62.85,-443,65.24,nan,nan,nan,0.548,0.707,49.4,3.8
78675,62.85,-443,65.24,nan,nan,nan,0.548,0.707,49.4,3.8
78676,62.85,-443,65.24,nan,nan,nan,0.548,0.707,49.4,3.8
78677,62.85,-443,65.24,nan,nan,nan,0.548,0.707,49.4,3.8
78678,62.85,-443,65.24,nan,nan,nan,0.548,0.707,49.4,3.8
78679,62.85,-443,65.24,nan,nan,nan,0.548,0.707,49.4,3.8
78680,62.85,-443,65.24,nan,nan,nan,0.548,nan,49.4,3.8
78681,62.85,-442,65.24,nan,nan,nan,0.535,nan,49.4,3.8
78682,66.1,-442,65.24,nan,nan,nan,0.535,0.707,49.4,7.05
78683,66.1,-442,65.24,nan,nan,nan,0.535,0.707,49.4,7.05
78684,66.1,-442,65.24,nan,nan,nan,0.535,0.707,49.4,7.05
78685,66.1,-442,65.24,nan,nan,nan,0.535,0.707,49.4,7.05
78686,66.1,-441,65.24,nan,nan,nan,0.535,0.707,49.4,7.05
78687,66.1,-440,65.24,nan,nan,nan,0.527,0.577,49.4,7.05
78688,66.15,-439,65.24,nan,nan,nan,0.527,0.577,49.4,7.1
78689,66.15,-439,65.24,nan,nan,nan,0.527,0.577,49.4,7.1
78690,66.15,-438,65.24,nan,nan,nan,0.527,0.577,49.4,7.1
78691,66.15,-437,65.24,nan,nan,nan,0.527,0.707,49.4,7.1
78692,66.15,-437,65.24,nan,nan,nan,0.527,0.707,49.4,7.1
78693,66.15,-437,65.24,nan,nan,nan,0.527,0.707,49.4,7.1
78694,66.15,-437,65.24,nan,nan,nan,0.527,0.707,49.4,7.1
78695,66.15,-437,65.24,nan,nan,nan,0.527,0.707,49.4,7.1
78696,66.15,-437,65.24,nan,nan,nan,0.527,nan,49.4,7.1
78697,66.15,-436,65.24,nan,nan,nan,0.527,nan,49.4,7.1
78698,66.15,-436,65.24,nan,nan,nan,0.527,nan,49.4,7.1
78699,66.15,-435,65.24,nan,nan,nan,0.527,nan,49.4,7.1
78700,66.15,-435,65.24,nan,nan,nan,0.527,nan,49.4,7.1
78701,66.15,-434,65.24,nan,nan,nan,0.527,nan,49.4,7.1
78702,66.15,-434,65.24,nan,nan,nan,0.527,nan,49.4,7.1
78703,66.15,-433,65.24,nan,nan,nan,0.527,nan,49.4,7.1
78704,66.15,-433,65.24,nan,nan,nan,0.527,nan,49.4,7.1
78705,66.15,-433,65.24,nan,nan,nan,0.527,nan,49.4,7.1
78706,66.15,-433,65.24,nan,nan,nan,0.527,nan,49.4,7.1
78707,66.15,-433,65.24,nan,nan,nan,0.527,nan,49.4,7.1
78708,66.15,-433,65.24,nan,nan,nan,0.527,nan,49.4,7.1
78709,66.15,-433,65.24,nan,nan,nan,0.527,nan,49.4,7.1
78710,66.15,-433,65.24,nan,nan,nan,0.527,nan,49.4,7.1
78711,66.15,-432,65.24,nan,nan,nan,0.527,nan,49.4,7.1
78712,66.15,-432,65.24,nan,nan,nan,0.527,nan,49.4,7.1
78713,66.15,-431,65.24,nan,nan,nan,0.522,nan,49.4,7.1
78714,68.0,-430,65.24,nan,nan,nan,0.522,0.707,49.4,8.95
78715,68.0,-429,65.24,nan,nan,nan,0.519,0.577,49.4,8.95
78716,68.95,-429,65.24,nan,nan,nan,0.519,0.577,49.4,9.9
78717,68.95,-428,65.24,nan,nan,nan,0.519,0.577,49.4,9.9
78718,68.95,-428,65.24,nan,nan,nan,0.519,0.577,49.4,9.9
78719,68.95,-428,65.24,nan,nan,nan,0.519,0.577,49.4,9.9
78720,68.95,-428,65.24,nan,nan,nan,0.519,0.577,49.4,9.9
78721,68.95,-428,65.24,nan,nan,nan,0.519,0.577,49.4,9.9
78722,68.95,-427,65.24,nan,nan,nan,0.516,0.577,49.4,9.9
78723,72.6,-427,65.24,nan,nan,nan,0.516,0.577,49.4,13.55
78724,72.6,-427,65.24,nan,nan,nan,0.516,0.577,49.4,13.55
78725,72.6,-427,65.24,nan,nan,nan,0.516,0.707,49.4,13.55
78726,72.6,-427,65.24,nan,nan,nan,0.516,0.707,49.4,13.55
78727,72.6,-427,65.24,nan,nan,nan,0.516,0.707,49.4,13.55
78728,72.6,-427,65.24,nan,nan,nan,0.519,0.707,49.4,13.1
78729,72.6,-427,65.24,nan,nan,nan,0.519,0.707,49.4,13.1
78730,72.6,-427,65.24,nan,nan,nan,0.519,0.707,49.4,13.1
78731,72.6,-427,65.24,nan,nan,nan,0.519,nan,49.4,13.1
78732,72.6,-427,65.24,nan,nan,nan,0.519,nan,49.4,13.1
78733,72.6,-427,65.24,nan,nan,nan,0.522,nan,49.4,12.85
78734,72.6,-426,65.24,nan,nan,nan,0.519,nan,49.4,12.85
78735,76.7,-426,65.24,nan,nan,nan,0.519,0.707,52.5,16.95
78736,76.7,-426,65.24,nan,nan,nan,0.519,0.707,52.5,16.95
78737,76.7,-426,65.24,nan,nan,nan,0.519,0.707,52.5,16.95
78738,76.7,-426,65.24,nan,nan,nan,0.519,0.707,52.5,16.95
78739,76.7,-426,65.24,nan,nan,nan,0.519,0.707,52.5,16.95
78740,76.7,-426,65.24,nan,nan,nan,0.519,0.707,52.5,16.95
78741,76.7,-426,65.24,nan,nan,nan,0.519,0.707,52.5,16.95
78742,76.7,-426,65.24,nan,nan,nan,0.519,0.707,52.5,16.95
78743,76.7,-426,65.24,nan,nan,nan,0.519,nan,52.5,16.95
78744,76.7,-426,65.24,nan,nan,nan,0.519,nan,52.5,16.95
78745,76.7,-426,65.24,nan,nan,nan,0.519,nan,52.5,16.95
78746,76.7,-426,65.24,nan,nan,nan,0.519,nan,52.5,16.95
78747,76.7,-426,65.24,nan,nan,nan,0.519,nan,52.5,16.95
78748,76.7,-426,65.24,nan,nan,nan,0.519,nan,52.5,16.95
78749,76.7,-426,65.24,nan,nan,nan,0.519,nan,52.5,16.95
78750,76.7,-426,65.24,nan,nan,nan,0.519,nan,52.5,16.95
78751,76.7,-426,65.24,nan,nan,nan,0.519,nan,52.5,16.95
78752,76.7,-426,65.24,nan,nan,nan,0.519,nan,52.5,16.95
78753,76.7,-425,65.24,nan,nan,nan,0.519,nan,52.5,16.95
78754,76.7,-424,65.24,nan,nan,nan,0.519,nan,52.5,16.95
78755,76.7,-424,65.24,nan,nan,nan,0.519,nan,52.5,16.95
78756,76.7,-424,65.24,nan,nan,nan,0.519,nan,52.5,16.95
78757,76.7,-424,65.24,nan,nan,nan,0.519,nan,52.5,16.95
78758,76.7,-424,65.24,nan,nan,nan,0.519,nan,52.5,16.95
78759,76.7,-424,65.24,nan,nan,nan,0.519,nan,52.5,16.95
78760,76.7,-424,65.24,nan,nan,nan,0.519,nan,52.5,16.95
78761,76.7,-425,65.24,nan,nan,nan,0.516,nan,52.5,16.95
78762,72.6,-425,65.24,nan,nan,nan,0.516,0.707,52.5,16.95
78763,72.6,-425,65.24,nan,nan,nan,0.516,0.707,52.5,16.95
78764,72.6,-425,65.24,nan,nan,nan,0.516,0.707,52.5,16.95
78765,72.6,-425,65.24,nan,nan,nan,0.516,0.707,52.5,16.95
78766,72.6,-425,65.24,nan,nan,nan,0.516,0.707,52.5,16.95
78767,72.6,-424,65.24,nan,nan,nan,0.514,0.577,52.5,16.95
78768,76.7,-423,65.24,nan,nan,nan,0.514,0.577,52.5,16.95
78769,76.7,-422,65.24,nan,nan,nan,0.514,0.577,52.5,16.95
78770,76.7,-421,65.24,nan,nan,nan,0.514,0.577,52.5,16.95
78771,76.7,-421,65.24,nan,nan,nan,0.516,0.707,52.5,13.85
78772,76.7,-421,65.24,nan,nan,nan,0.516,0.707,52.5,13.85
78773,76.7,-421,65.24,nan,nan,nan,0.516,0.707,52.5,13.85
78774,76.7,-429,65.24,nan,nan,nan,0.514,0.577,52.5,13.85
78775,70.45,-429,65.24,nan,nan,nan,0.514,0.577,52.5,13.85
78776,70.45,-428,65.24,nan,nan,nan,0.513,0.577,52.5,13.85
78777,71.7,-428,65.24,nan,nan,nan,0.513,0.577,52.5,13.85
78778,71.7,-428,65.24,nan,nan,nan,0.513,0.577,52.5,13.85
78779,71.7,-428,65.24,nan,nan,nan,0.513,0.577,52.5,13.85
78780,71.7,-428,65.24,nan,nan,nan,0.513,0.577,52.5,13.85
78781,71.7,-428,65.24,nan,nan,nan,0.514,0.577,52.5,10.6
78782,71.7,-428,65.24,nan,nan,nan,0.514,0.577,52.5,10.6
78783,71.7,-428,65.24,nan,nan,nan,0.514,0.577,52.5,10.6
78784,71.7,-428,65.24,nan,nan,nan,0.514,0.707,52.5,10.6
78785,71.7,-428,65.24,nan,nan,nan,0.514,nan,52.5,10.6
78786,71.7,-428,65.24,nan,nan,nan,0.514,nan,52.5,10.6
78787,71.7,-427,65.24,nan,nan,nan,0.516,nan,52.5,10.55
78788,71.7,-427,65.24,nan,nan,nan,0.516,nan,52.5,10.55
78789,71.7,-427,65.24,nan,nan,nan,0.516,nan,52.5,10.55
78790,71.7,-427,65.24,nan,nan,nan,0.516,nan,52.5,10.55
78791,71.7,-426,65.24,nan,nan,nan,0.516,nan,52.5,10.55
78792,71.7,-426,65.24,nan,nan,nan,0.516,nan,52.5,10.55
78793,71.7,-426,65.24,nan,nan,nan,0.516,nan,52.5,10.55
78794,71.7,-426,65.24,nan,nan,nan,0.516,nan,52.5,10.55
78795,71.7,-426,65.24,nan,nan,nan,0.516,nan,52.5,10.55
78796,71.7,-425,65.24,nan,nan,nan,0.516,nan,52.5,10.55
78797,71.7,-425,65.24,nan,nan,nan,0.516,nan,52.5,10.55
78798,71.7,-425,65.24,nan,nan,nan,0.516,nan,52.5,10.55
78799,71.7,-424,65.24,nan,nan,nan,0.514,nan,52.5,10.55
78800,72.3,-423,65.24,nan,nan,nan,0.499,0.354,52.5,10.55
78801,72.6,-423,65.24,nan,nan,nan,0.5,0.5,52.5,10.55
78802,72.6,-422,65.24,nan,nan,nan,0.5,0.5,52.5,10.55
78803,72.6,-421,65.24,nan,nan,nan,0.5,0.5,52.5,10.55
78804,72.6,-421,65.24,nan,nan,nan,0.5,0.5,52.5,10.55
78805,72.6,-421,65.24,nan,nan,nan,0.5,0.5,52.5,10.55
78806,72.6,-421,65.24,nan,nan,nan,0.5,0.5,52.5,10.55
78807,72.6,-421,65.24,nan,nan,nan,0.5,0.5,52.5,10.55
78808,72.6,-421,65.24,nan,nan,nan,0.5,0.354,52.5,10.55
78809,72.6,-420,65.24,nan,nan,nan,0.5,nan,52.5,10.55
78810,72.6,-420,65.24,nan,nan,nan,0.5,nan,52.5,10.55
78811,72.6,-420,65.24,nan,nan,nan,0.5,nan,52.5,10.55
78812,72.6,-420,65.24,nan,nan,nan,0.499,nan,52.5,10.55
78813,72.6,-420,65.24,nan,nan,nan,0.5,nan,52.5,8.7
78814,72.6,-419,65.24,nan,nan,nan,0.5,nan,52.5,8.7
78815,72.75,-418,65.24,nan,nan,nan,3.382,9.428,52.5,7.75
78816,74.9,-418,65.24,nan,nan,nan,3.296,8.002,52.5,7.75
78817,74.9,-418,65.24,nan,nan,nan,3.296,8.002,52.5,7.75
78818,74.9,-418,65.24,nan,nan,nan,3.296,8.002,52.5,7.75
78819,74.9,-418,65.24,nan,nan,nan,3.296,8.002,52.5,7.75
78820,74.9,-418,65.24,nan,nan,nan,3.296,8.002,52.5,7.75
78821,74.9,-418,65.24,nan,nan,nan,3.397,8.002,52.5,7.75
78822,74.9,-418,65.24,nan,nan,nan,3.492,8.002,52.5,6.25
78823,74.9,-417,65.24,nan,nan,nan,3.492,10.135,52.5,6.25
78824,74.9,-417,65.24,nan,nan,nan,3.492,nan,52.5,6.25
78825,74.9,-417,65.24,nan,nan,nan,3.492,nan,52.5,6.25
78826,74.9,-417,65.24,nan,nan,nan,3.492,nan,52.5,6.25
78827,74.9,-417,65.24,nan,nan,nan,3.492,nan,52.5,6.25
78828,74.9,-417,65.24,nan,nan,nan,3.492,nan,52.5,6.25
78829,74.9,-417,65.24,nan,nan,nan,3.492,nan,52.5,6.25
78830,74.9,-452,65.24,nan,nan,nan,3.382,nan,52.5,6.25
78831,70.85,-452,65.24,nan,nan,nan,3.296,0.707,52.5,6.25
78832,70.85,-452,65.24,nan,nan,nan,3.296,0.707,52.5,6.25
78833,70.85,-452,65.24,nan,nan,nan,3.397,0.707,52.5,6.25
78834,70.85,-451,65.24,nan,nan,nan,3.492,0.707,52.5,6.25
78835,70.85,-451,65.24,nan,nan,nan,3.492,0.707,52.5,6.25
78836,70.85,-451,65.24,nan,nan,nan,3.492,0.707,52.5,6.25
78837,70.85,-451,65.24,nan,nan,nan,3.492,0.707,52.5,6.25
78838,70.85,-451,65.24,nan,nan,nan,3.492,0.707,52.5,6.25
78839,70.85,-451,65.24,nan,nan,nan,3.492,nan,52.5,6.25
78840,70.85,-453,65.24,nan,nan,nan,3.382,nan,52.5,6.25
78841,68.65,-453,65.24,nan,nan,nan,3.296,0.707,52.5,8.05
78842,68.65,-453,65.24,nan,nan,nan,3.296,0.707,52.5,8.05
78843,68.65,-453,65.24,nan,nan,nan,3.296,0.707,52.5,8.05
78844,68.65,-453,65.24,nan,nan,nan,3.296,0.707,52.5,8.05
78845,68.65,-453,65.24,nan,nan,nan,3.296,0.707,52.5,8.05
78846,68.65,-452,65.24,nan,nan,nan,3.296,0.707,52.5,8.05
78847,68.65,-452,65.24,nan,nan,nan,3.296,0.707,52.5,8.05
78848,68.65,-452,65.24,nan,nan,nan,3.296,0.707,52.5,8.05
78849,68.65,-452,65.24,nan,nan,nan,3.296,nan,52.5,8.05
78850,68.65,-452,65.24,nan,nan,nan,3.296,nan,52.5,8.05
78851,68.65,-452,65.24,nan,nan,nan,3.296,nan,52.5,8.05
78852,68.65,-452,65.24,nan,nan,nan,3.296,nan,52.5,8.05
78853,68.65,-452,65.24,nan,nan,nan,3.296,nan,52.5,8.05
78854,68.65,-451,65.24,nan,nan,nan,3.296,nan,52.5,8.05
78855,68.65,-451,65.24,nan,nan,nan,3.296,nan,52.5,8.05
78856,68.65,-451,65.24,nan,nan,nan,3.296,nan,52.5,8.05
78857,68.65,-450,65.24,nan,nan,nan,3.296,nan,52.5,8.05
78858,68.65,-450,65.24,nan,nan,nan,3.296,nan,52.5,8.05
78859,68.65,-449,65.24,nan,nan,nan,3.296,nan,52.5,8.05
78860,68.65,-449,65.24,nan,nan,nan,3.397,nan,52.5,8.05
78861,68.65,-449,65.24,nan,nan,nan,3.492,nan,52.5,8.05
78862,68.65,-449,65.24,nan,nan,nan,3.492,nan,52.5,8.05
78863,68.65,-448,65.24,nan,nan,nan,3.492,nan,52.5,8.05
78864,68.65,-448,65.24,nan,nan,nan,3.492,nan,52.5,8.05
78865,68.65,-447,65.24,nan,nan,nan,3.492,nan,52.5,8.05
78866,68.65,-447,65.24,nan,nan,nan,3.613,nan,52.5,8.05
78867,68.65,-447,65.24,nan,nan,nan,3.728,nan,52.5,8.05
78868,68.65,-446,65.24,nan,nan,nan,3.728,nan,52.5,8.05
78869,68.65,-446,65.24,nan,nan,nan,3.728,nan,52.5,8.05
78870,68.65,-446,65.24,nan,nan,nan,3.728,nan,52.5,8.05
78871,68.65,-445,65.24,nan,nan,nan,3.728,nan,52.5,8.05
78872,68.65,-445,65.24,nan,nan,nan,3.728,nan,52.5,8.05
78873,68.65,-445,65.24,nan,nan,nan,3.878,nan,52.5,8.05
78874,68.65,-445,65.24,nan,nan,nan,4.022,nan,52.5,6.25
78875,68.65,-449,65.24,nan,nan,nan,4.022,nan,52.5,6.25
78876,62.35,-449,65.24,nan,nan,nan,4.022,0.707,52.5,12.55
78877,62.35,-449,65.24,nan,nan,nan,4.022,0.707,52.5,12.55
78878,62.35,-449,65.24,nan,nan,nan,4.022,0.707,52.5,12.55
78879,62.35,-448,65.24,nan,nan,nan,4.022,0.707,52.5,12.55
78880,62.35,-447,65.24,nan,nan,nan,3.855,0.577,52.5,12.55
78881,65.35,-447,65.24,nan,nan,nan,3.728,0.577,52.5,12.55
78882,65.35,-447,65.24,nan,nan,nan,3.728,0.577,52.5,12.55
78883,65.35,-446,65.24,nan,nan,nan,3.595,0.548,52.5,12.55
78884,69.9,-446,65.24,nan,nan,nan,3.492,0.548,52.5,12.55
78885,69.9,-478,65.24,nan,nan,nan,3.382,0.548,52.5,12.55
78886,62.95,-478,65.24,nan,nan,nan,3.296,0.548,52.5,12.55
78887,62.95,-477,65.24,nan,nan,nan,3.204,0.535,52.5,12.55
78888,66.25,-477,65.24,nan,nan,nan,3.131,0.535,52.5,12.55
78889,66.25,-477,65.24,nan,nan,nan,3.131,0.535,52.5,12.55
78890,66.25,-477,65.24,nan,nan,nan,3.131,0.548,52.5,12.55
78891,66.25,-477,65.24,nan,nan,nan,3.131,0.548,52.5,12.55
78892,66.25,-477,65.24,nan,nan,nan,3.131,0.548,52.5,12.55
78893,66.25,-476,65.24,nan,nan,nan,3.131,0.577,52.5,12.55
78894,66.25,-476,65.24,nan,nan,nan,3.131,0.577,52.5,12.55
78895,66.25,-476,65.24,nan,nan,nan,3.131,0.707,52.5,12.55
78896,66.25,-476,65.24,nan,nan,nan,3.131,nan,52.5,12.55
78897,66.25,-476,65.24,nan,nan,nan,3.131,nan,52.5,12.55
78898,66.25,-476,65.24,nan,nan,nan,3.217,nan,52.5,12.55
78899,66.25,-476,65.24,nan,nan,nan,3.305,nan,52.5,12.55
78900,66.25,-476,65.24,nan,nan,nan,3.392,nan,52.5,12.55
78901,66.25,-476,65.24,nan,nan,nan,3.392,nan,52.5,12.55
78902,66.25,-476,65.24,nan,nan,nan,3.392,nan,52.5,12.55
78903,66.25,-476,65.24,nan,nan,nan,3.392,nan,52.5,12.55
78904,66.25,-476,65.24,nan,nan,nan,3.392,nan,52.5,12.55
78905,66.25,-476,65.24,nan,nan,nan,3.392,nan,52.5,12.55
78906,66.25,-476,65.24,nan,nan,nan,3.392,nan,52.5,12.55
78907,66.25,-476,65.24,nan,nan,nan,3.392,nan,52.5,12.55
78908,66.25,-476,65.24,nan,nan,nan,3.392,nan,52.5,12.55
78909,66.25,-476,65.24,nan,nan,nan,3.392,nan,52.5,12.55
78910,66.25,-475,65.24,nan,nan,nan,3.392,nan,52.5,12.55
78911,66.25,-475,65.24,nan,nan,nan,3.392,nan,52.5,12.55
78912,66.25,-475,65.24,nan,nan,nan,3.392,nan,52.5,12.55
78913,66.25,-475,65.24,nan,nan,nan,3.502,nan,52.5,12.55
78914,66.25,-475,65.24,nan,nan,nan,0.516,nan,52.5,12.55
78915,66.25,-475,65.24,nan,nan,nan,0.519,nan,52.5,12.55
78916,66.25,-475,65.24,nan,nan,nan,0.519,nan,52.5,12.55
78917,66.25,-475,65.24,nan,nan,nan,0.519,nan,52.5,12.55
78918,66.25,-475,65.24,nan,nan,nan,0.519,nan,52.5,12.55
78919,66.25,-485,65.24,nan,nan,nan,0.516,nan,52.5,12.55
78920,61.2,-485,65.24,nan,nan,nan,0.516,0.707,52.5,13.7
78921,61.2,-485,65.24,nan,nan,nan,0.516,0.707,52.5,13.7
78922,61.2,-485,65.24,nan,nan,nan,0.516,0.707,52.5,13.7
78923,61.2,-492,65.24,nan,nan,nan,0.514,0.577,52.5,13.7
78924,57.2,-492,65.24,nan,nan,nan,0.514,0.577,52.5,17.7
78925,57.2,-492,65.24,nan,nan,nan,0.514,0.577,52.5,17.7
78926,57.2,-492,65.24,nan,nan,nan,0.514,0.577,52.5,17.7
78927,57.2,-491,65.24,nan,nan,nan,0.514,0.577,52.5,17.7
78928,57.2,-491,65.24,nan,nan,nan,0.514,0.577,52.5,17.7
78929,57.2,-491,65.24,nan,nan,nan,0.514,0.707,52.5,17.7
78930,57.2,-491,65.24,nan,nan,nan,0.516,0.707,52.5,13.65
78931,57.2,-491,65.24,nan,nan,nan,0.516,0.707,52.5,13.65
78932,57.2,-490,65.24,nan,nan,nan,0.516,nan,52.5,13.65
78933,57.2,-490,65.24,nan,nan,nan,0.516,nan,52.5,13.65
78934,57.2,-490,65.24,nan,nan,nan,0.516,nan,52.5,13.65
78935,57.2,-490,65.24,nan,nan,nan,0.516,nan,52.5,13.65
78936,57.2,-489,65.24,nan,nan,nan,0.516,nan,52.5,13.65
78937,57.2,-489,65.24,nan,nan,nan,0.516,nan,52.5,13.65
78938,57.2,-489,65.24,nan,nan,nan,0.516,nan,52.5,13.65
78939,57.2,-489,65.24,nan,nan,nan,0.516,nan,52.5,13.65
78940,57.2,-489,65.24,nan,nan,nan,0.519,nan,52.5,12.7
78941,57.2,-489,65.24,nan,nan,nan,0.519,nan,52.5,12.7
78942,57.2,-489,65.24,nan,nan,nan,0.519,nan,52.5,12.7
78943,57.2,-489,65.24,nan,nan,nan,0.519,nan,52.5,12.7
78944,57.2,-489,65.24,nan,nan,nan,0.519,nan,52.5,12.7
78945,57.2,-488,65.24,nan,nan,nan,0.516,nan,52.5,12.7
78946,59.6,-487,65.24,nan,nan,nan,0.536,0.221,52.5,12.7
78947,62.75,-487,65.24,nan,nan,nan,0.537,0.686,52.5,12.7
78948,62.75,-487,65.24,nan,nan,nan,0.537,0.686,52.5,12.7
78949,62.75,-487,65.24,nan,nan,nan,0.537,0.686,52.5,12.7
78950,62.75,-487,65.24,nan,nan,nan,0.537,0.686,52.5,12.7
78951,62.75,-487,65.24,nan,nan,nan,0.537,0.686,52.5,12.7
78952,62.75,-487,65.24,nan,nan,nan,0.537,0.686,52.5,12.7
78953,62.75,-487,65.24,nan,nan,nan,0.537,0.686,52.5,12.7
78954,62.75,-487,65.24,nan,nan,nan,0.537,0.928,52.5,12.7
78955,62.75,-486,65.24,nan,nan,nan,0.537,nan,52.5,12.7
78956,62.75,-486,65.24,nan,nan,nan,0.537,nan,52.5,12.7
78957,62.75,-486,65.24,nan,nan,nan,0.537,nan,52.5,12.7
78958,62.75,-486,65.24,nan,nan,nan,0.537,nan,52.5,12.7
78959,62.75,-487,65.24,nan,nan,nan,0.532,nan,52.5,12.7
78960,59.6,-487,65.24,nan,nan,nan,0.534,0.707,52.5,12.7
78961,59.6,-487,65.24,nan,nan,nan,0.534,0.707,52.5,12.7
78962,59.6,-486,65.24,nan,nan,nan,0.529,0.577,52.5,12.7
78963,62.75,-485,65.24,nan,nan,nan,0.531,0.577,52.5,12.7
78964,62.75,-485,65.24,nan,nan,nan,0.531,0.577,52.5,12.7
78965,62.75,-484,65.24,nan,nan,nan,0.531,0.577,52.5,12.7
78966,62.75,-483,65.24,nan,nan,nan,0.531,0.577,52.5,12.7
78967,62.75,-483,65.24,nan,nan,nan,0.531,0.577,52.5,12.7
78968,62.75,-483,65.24,nan,nan,nan,0.531,0.577,52.5,12.7
78969,62.75,-483,65.24,nan,nan,nan,0.531,0.707,52.5,12.7
78970,62.75,-484,65.24,nan,nan,nan,0.527,0.577,52.5,12.7
78971,59.6,-484,65.24,nan,nan,nan,0.528,0.577,52.5,12.7
78972,59.6,-484,65.24,nan,nan,nan,0.528,0.707,52.5,12.7
78973,59.6,-484,65.24,nan,nan,nan,0.528,0.707,52.5,12.7
78974,59.6,-484,65.24,nan,nan,nan,0.53,0.707,52.5,12.7
78975,59.6,-483,65.24,nan,nan,nan,0.527,0.577,52.5,12.7
78976,62.75,-483,65.24,nan,nan,nan,0.528,0.577,52.5,12.7
78977,62.75,-483,65.24,nan,nan,nan,0.528,0.577,52.5,12.7
78978,62.75,-483,65.24,nan,nan,nan,0.528,0.577,52.5,12.7
78979,62.75,-483,65.24,nan,nan,nan,0.53,0.577,52.5,12.7
78980,62.75,-483,65.24,nan,nan,nan,0.531,0.707,52.5,12.7
78981,62.75,-482,65.24,nan,nan,nan,0.531,0.707,52.5,12.7
78982,62.75,-482,65.24,nan,nan,nan,0.533,0.707,52.5,12.7
78983,62.75,-482,65.24,nan,nan,nan,0.534,0.707,52.5,12.7
78984,62.75,-481,65.24,nan,nan,nan,0.537,nan,52.5,12.7
78985,62.75,-481,65.24,nan,nan,nan,0.537,nan,52.5,9.05
78986,62.75,-481,65.24,nan,nan,nan,0.542,nan,52.5,9.05
78987,62.75,-481,65.24,nan,nan,nan,0.542,nan,52.5,9.05
78988,62.75,-481,65.24,nan,nan,nan,0.542,nan,52.5,9.05
78989,62.75,-481,65.24,nan,nan,nan,0.542,nan,52.5,9.05
78990,62.75,-481,65.24,nan,nan,nan,0.542,nan,52.5,9.05
78991,62.75,-481,65.24,nan,nan,nan,0.542,nan,52.5,9.05
78992,62.75,-481,65.24,nan,nan,nan,0.542,nan,52.5,9.05
78993,62.75,-481,65.24,nan,nan,nan,0.542,nan,52.5,9.05
78994,62.75,-481,65.24,nan,nan,nan,0.542,nan,52.5,9.05
78995,62.75,-481,65.24,nan,nan,nan,0.542,nan,52.5,9.05
78996,62.75,-481,65.24,nan,nan,nan,0.542,nan,52.5,9.05
78997,62.75,-481,65.24,nan,nan,nan,0.542,nan,52.5,9.05
78998,62.75,-481,65.24,nan,nan,nan,0.542,nan,52.5,9.05
78999,62.75,-481,65.24,nan,nan,nan,0.542,nan,52.5,9.05
79000,62.75,-481,65.24,nan,nan,nan,0.542,nan,52.5,9.05
79001,62.75,-481,65.24,nan,nan,nan,0.542,nan,52.5,9.05
79002,62.75,-480,65.24,nan,nan,nan,0.542,nan,52.5,9.05
79003,62.75,-479,65.24,nan,nan,nan,0.542,nan,52.5,9.05
79004,62.75,-478,65.24,nan,nan,nan,0.536,nan,52.5,9.05
79005,64.5,-478,65.24,nan,nan,nan,0.537,0.707,52.5,9.05
79006,64.5,-478,65.24,nan,nan,nan,0.537,0.707,52.5,9.05
79007,64.5,-478,65.24,nan,nan,nan,0.537,0.707,52.5,9.05
79008,64.5,-478,65.24,nan,nan,nan,0.537,0.707,52.5,9.05
79009,64.5,-478,65.24,nan,nan,nan,0.537,0.707,52.5,9.05
79010,64.5,-478,65.24,nan,nan,nan,0.537,0.707,52.5,9.05
79011,64.5,-478,65.24,nan,nan,nan,0.537,0.707,52.5,9.05
79012,64.5,-478,65.24,nan,nan,nan,0.537,0.707,52.5,9.05
79013,64.5,-477,65.24,nan,nan,nan,0.537,nan,52.5,9.05
79014,64.5,-477,65.24,nan,nan,nan,0.537,nan,52.5,9.05
79015,64.5,-476,65.24,nan,nan,nan,0.537,nan,52.5,9.05
79016,64.5,-476,65.24,nan,nan,nan,0.537,nan,52.5,9.05
79017,64.5,-475,65.24,nan,nan,nan,0.537,nan,52.5,9.05
79018,64.5,-475,65.24,nan,nan,nan,0.542,nan,52.5,9.05
79019,64.5,-475,65.24,nan,nan,nan,0.542,nan,52.5,7.3
79020,64.5,-474,65.24,nan,nan,nan,0.542,nan,52.5,7.3
79021,64.5,-474,65.24,nan,nan,nan,0.542,nan,52.5,7.3
79022,64.5,-473,65.24,nan,nan,nan,0.548,nan,52.5,7.3
79023,64.5,-473,65.24,nan,nan,nan,0.548,nan,52.5,7.3
79024,64.5,-473,65.24,nan,nan,nan,0.548,nan,52.5,7.3
79025,64.5,-473,65.24,nan,nan,nan,0.548,nan,52.5,7.3
79026,64.5,-473,65.24,nan,nan,nan,0.548,nan,52.5,7.3
79027,64.5,-473,65.24,nan,nan,nan,0.548,nan,52.5,7.3
79028,64.5,-473,65.24,nan,nan,nan,0.548,nan,52.5,7.3
79029,64.5,-472,65.24,nan,nan,nan,0.548,nan,52.5,7.3
79030,64.5,-472,65.24,nan,nan,nan,0.548,nan,52.5,7.3
79031,64.5,-472,65.24,nan,nan,nan,0.548,nan,52.5,7.3
79032,64.5,-472,65.24,nan,nan,nan,0.548,nan,52.5,7.3
79033,64.5,-472,65.24,nan,nan,nan,0.548,nan,52.5,7.3
79034,64.5,-472,65.24,nan,nan,nan,0.548,nan,52.5,7.3
79035,64.5,-472,65.24,nan,nan,nan,0.548,nan,52.5,7.3
79036,64.5,-472,65.24,nan,nan,nan,0.548,nan,52.5,7.3
79037,64.5,-472,65.24,nan,nan,nan,0.548,nan,52.5,7.3
79038,64.5,-472,65.24,nan,nan,nan,0.548,nan,52.5,7.3
79039,64.5,-472,65.24,nan,nan,nan,0.548,nan,52.5,7.3
79040,64.5,-472,65.24,nan,nan,nan,0.548,nan,52.5,7.3
79041,64.5,-472,65.24,nan,nan,nan,0.548,nan,52.5,7.3
79042,64.5,-472,65.24,nan,nan,nan,0.548,nan,52.5,7.3
79043,64.5,-472,65.24,nan,nan,nan,0.548,nan,52.5,7.3
79044,64.5,-472,65.24,nan,nan,nan,0.556,nan,52.5,7.3
79045,64.5,-472,65.24,nan,nan,nan,0.522,nan,52.5,4.9
79046,64.5,-472,65.24,nan,nan,nan,0.527,nan,52.5,4.9
79047,64.5,-472,65.24,nan,nan,nan,0.527,nan,52.5,4.9
79048,64.5,-472,65.24,nan,nan,nan,0.527,nan,52.5,4.9
79049,64.5,-472,65.24,nan,nan,nan,0.527,nan,52.5,4.9
79050,64.5,-472,65.24,nan,nan,nan,0.527,nan,52.5,4.9
79051,64.5,-472,65.24,nan,nan,nan,0.527,nan,52.5,4.9
79052,64.5,-471,65.24,nan,nan,nan,0.522,nan,52.5,4.9
79053,65.45,-471,65.24,nan,nan,nan,0.522,0.707,52.5,5.85
79054,65.45,-471,65.24,nan,nan,nan,0.522,0.707,52.5,5.85
79055,65.45,-471,65.24,nan,nan,nan,0.522,0.707,52.5,5.85
79056,65.45,-470,65.24,nan,nan,nan,0.522,0.707,52.5,5.85
79057,65.45,-469,65.24,nan,nan,nan,0.522,0.707,52.5,5.85
79058,65.45,-469,65.24,nan,nan,nan,0.522,0.707,52.5,5.85
79059,65.45,-469,65.24,nan,nan,nan,0.527,0.707,52.5,5.85
79060,65.45,-469,65.24,nan,nan,nan,0.527,0.707,52.5,5.85
79061,65.45,-468,65.24,nan,nan,nan,0.527,nan,52.5,5.85
79062,65.45,-468,65.24,nan,nan,nan,0.535,nan,52.5,5.85
79063,65.45,-468,65.24,nan,nan,nan,0.535,nan,52.5,5.85
79064,65.45,-468,65.24,nan,nan,nan,0.535,nan,52.5,5.85
79065,65.45,-468,65.24,nan,nan,nan,0.535,nan,52.5,5.85
79066,65.45,-468,65.24,nan,nan,nan,0.535,nan,52.5,5.85
79067,65.45,-468,65.24,nan,nan,nan,0.535,nan,52.5,5.85
79068,65.45,-468,65.24,nan,nan,nan,0.535,nan,52.5,5.85
79069,65.45,-467,65.24,nan,nan,nan,0.535,nan,52.5,5.85
79070,65.45,-466,65.24,nan,nan,nan,0.535,nan,52.5,5.85
79071,65.95,-466,65.24,nan,nan,nan,0.535,0.707,52.5,6.35
79072,65.95,-466,65.24,nan,nan,nan,0.535,0.707,52.5,6.35
79073,65.95,-465,65.24,nan,nan,nan,0.535,0.707,52.5,6.35
79074,65.95,-465,65.24,nan,nan,nan,0.535,0.707,52.5,6.35
79075,65.95,-465,65.24,nan,nan,nan,0.548,0.707,52.5,3.2
79076,65.95,-465,65.24,nan,nan,nan,0.548,0.707,52.5,3.2
79077,65.95,-464,65.24,nan,nan,nan,0.548,0.707,52.5,3.2
79078,65.95,-464,65.24,nan,nan,nan,0.548,0.707,52.5,3.2
79079,65.95,-464,65.24,nan,nan,nan,0.548,nan,52.5,3.2
79080,65.95,-463,65.24,nan,nan,nan,0.548,nan,52.5,3.2
79081,65.95,-462,65.24,nan,nan,nan,0.548,nan,52.5,3.2
79082,65.95,-462,65.24,nan,nan,nan,0.548,nan,52.5,3.2
79083,65.95,-462,65.24,nan,nan,nan,0.548,nan,52.5,3.2
79084,65.95,-462,65.24,nan,nan,nan,0.548,nan,52.5,3.2
79085,65.95,-462,65.24,nan,nan,nan,0.548,nan,52.5,3.2
79086,65.95,-464,65.24,nan,nan,nan,0.535,nan,52.5,3.2
79087,64.5,-464,65.24,nan,nan,nan,0.535,0.707,52.5,3.2
79088,64.5,-464,65.24,nan,nan,nan,0.535,0.707,52.5,3.2
79089,64.5,-464,65.24,nan,nan,nan,0.535,0.707,52.5,3.2
79090,64.5,-464,65.24,nan,nan,nan,0.535,0.707,52.5,3.2
79091,64.5,-464,65.24,nan,nan,nan,0.535,0.707,52.5,3.2
79092,64.5,-463,65.24,nan,nan,nan,0.535,0.707,52.5,3.2
79093,64.5,-462,65.24,nan,nan,nan,0.535,0.707,52.5,3.2
79094,64.5,-462,65.24,nan,nan,nan,0.535,0.707,52.5,3.2
79095,64.5,-461,65.24,nan,nan,nan,0.535,nan,52.5,3.2
79096,64.5,-461,65.24,nan,nan,nan,0.535,nan,52.5,3.2
79097,64.5,-461,65.24,nan,nan,nan,0.535,nan,52.5,3.2
79098,64.5,-461,65.24,nan,nan,nan,0.535,nan,52.5,3.2
79099,64.5,-461,65.24,nan,nan,nan,0.535,nan,52.5,3.2
79100,64.5,-461,65.24,nan,nan,nan,0.535,nan,52.5,3.2
79101,64.5,-461,65.24,nan,nan,nan,0.535,nan,52.5,3.2
79102,64.5,-460,65.24,nan,nan,nan,0.535,nan,52.5,3.2
79103,64.5,-460,65.24,nan,nan,nan,0.535,nan,52.5,3.2
79104,64.5,-460,65.24,nan,nan,nan,0.548,nan,52.5,1.45
79105,64.5,-460,65.24,nan,nan,nan,0.548,nan,52.5,1.45
79106,64.5,-460,65.24,nan,nan,nan,0.548,nan,52.5,1.45
79107,64.5,-460,65.24,nan,nan,nan,0.548,nan,52.5,1.45
79108,64.5,-460,65.24,nan,nan,nan,0.548,nan,52.5,1.45
79109,64.5,-460,65.24,nan,nan,nan,0.548,nan,52.5,1.45
79110,64.5,-460,65.24,nan,nan,nan,0.548,nan,52.5,1.45
79111,64.5,-460,65.24,nan,nan,nan,0.548,nan,52.5,1.45
79112,64.5,-460,65.24,nan,nan,nan,0.548,nan,52.5,1.45
79113,64.5,-460,65.24,nan,nan,nan,0.548,nan,52.5,1.45
79114,64.5,-460,65.24,nan,nan,nan,0.548,nan,52.5,1.45
79115,64.5,-460,65.24,nan,nan,nan,0.548,nan,52.5,1.45
79116,64.5,-465,65.24,nan,nan,nan,0.535,nan,52.5,1.45
79117,58.8,-465,65.24,nan,nan,nan,0.535,0.707,52.5,7.15
79118,58.8,-464,65.24,nan,nan,nan,0.535,0.707,52.5,7.15
79119,58.8,-464,65.24,nan,nan,nan,0.535,0.707,52.5,7.15
79120,58.8,-464,65.24,nan,nan,nan,0.535,0.707,52.5,7.15
79121,58.8,-464,65.24,nan,nan,nan,0.535,0.707,52.5,7.15
79122,58.8,-464,65.24,nan,nan,nan,0.535,0.707,52.5,7.15
79123,58.8,-464,65.24,nan,nan,nan,0.535,0.707,52.5,7.15
79124,58.8,-464,65.24,nan,nan,nan,0.535,0.707,52.5,7.15
79125,58.8,-463,65.24,nan,nan,nan,0.535,nan,52.5,7.15
79126,58.8,-463,65.24,nan,nan,nan,0.535,nan,52.5,7.15
79127,58.8,-463,65.24,nan,nan,nan,0.535,nan,52.5,7.15
79128,58.8,-463,65.24,nan,nan,nan,0.535,nan,52.5,7.15
79129,58.8,-462,65.24,nan,nan,nan,0.527,nan,52.5,7.15
79130,60.05,-461,65.24,nan,nan,nan,0.497,0.368,52.5,7.15
79131,60.65,-461,65.24,nan,nan,nan,0.5,0.5,52.5,7.15
79132,60.65,-461,65.24,nan,nan,nan,0.5,0.5,52.5,7.15
79133,60.65,-460,65.24,nan,nan,nan,0.5,0.5,52.5,7.15
79134,60.65,-460,65.24,nan,nan,nan,0.5,0.5,52.5,7.15
79135,60.65,-459,65.24,nan,nan,nan,0.498,0.481,52.5,7.15
79136,63.2,-459,65.24,nan,nan,nan,0.5,0.5,52.5,7.15
79137,63.2,-458,65.24,nan,nan,nan,0.5,0.5,52.5,7.15
79138,63.2,-458,65.24,nan,nan,nan,0.5,0.477,52.5,7.15
79139,63.2,-458,65.24,nan,nan,nan,0.5,0.577,52.5,7.15
79140,63.2,-458,65.24,nan,nan,nan,0.5,0.707,52.5,7.15
79141,63.2,-458,65.24,nan,nan,nan,0.5,0.707,52.5,7.15
79142,63.2,-458,65.24,nan,nan,nan,0.5,0.707,52.5,7.15
79143,63.2,-462,65.24,nan,nan,nan,0.499,0.577,52.5,7.15
79144,59.4,-462,65.24,nan,nan,nan,0.5,0.577,52.5,7.15
79145,59.4,-462,65.24,nan,nan,nan,0.5,0.707,52.5,7.15
79146,59.4,-462,65.24,nan,nan,nan,0.5,0.707,52.5,7.15
79147,59.4,-462,65.24,nan,nan,nan,0.5,0.707,52.5,7.15
79148,59.4,-462,65.24,nan,nan,nan,0.5,0.707,52.5,7.15
79149,59.4,-461,65.24,nan,nan,nan,0.5,0.707,52.5,7.15
79150,59.4,-461,65.24,nan,nan,nan,0.5,0.707,52.5,7.15
79151,59.4,-461,65.24,nan,nan,nan,0.499,0.707,52.5,7.15
79152,59.4,-461,65.24,nan,nan,nan,0.5,nan,52.5,7.15
79153,59.4,-461,65.24,nan,nan,nan,0.5,nan,52.5,7.15
79154,59.4,-461,65.24,nan,nan,nan,0.5,nan,52.5,7.15
79155,59.4,-461,65.24,nan,nan,nan,0.5,nan,52.5,7.15
79156,59.4,-461,65.24,nan,nan,nan,0.5,nan,52.5,7.15
79157,59.4,-461,65.24,nan,nan,nan,0.5,nan,52.5,7.15
79158,59.4,-460,65.24,nan,nan,nan,0.5,nan,52.5,7.15
79159,59.4,-460,65.24,nan,nan,nan,0.5,nan,52.5,7.15
79160,59.4,-460,65.24,nan,nan,nan,0.5,nan,52.5,7.15
79161,59.4,-460,65.24,nan,nan,nan,0.5,nan,52.5,7.15
79162,59.4,-460,65.24,nan,nan,nan,0.5,nan,52.5,7.15
79163,59.4,-460,65.24,nan,nan,nan,0.5,nan,52.5,7.15
79164,59.4,-460,65.24,nan,nan,nan,0.5,nan,52.5,7.15
79165,59.4,-460,65.24,nan,nan,nan,0.5,nan,52.5,7.15
79166,59.4,-459,65.24,nan,nan,nan,0.499,nan,52.5,7.15
79167,62.6,-459,65.24,nan,nan,nan,0.5,0.707,52.5,7.15
79168,62.6,-459,65.24,nan,nan,nan,0.5,0.707,52.5,7.15
79169,62.6,-459,65.24,nan,nan,nan,0.499,0.707,52.5,7.15
79170,62.6,-459,65.24,nan,nan,nan,0.5,0.707,52.5,7.15
79171,62.6,-458,65.24,nan,nan,nan,0.499,0.577,52.5,7.15
79172,64.5,-458,65.24,nan,nan,nan,0.5,0.577,52.5,7.15
79173,64.5,-458,65.24,nan,nan,nan,0.5,0.577,52.5,7.15
79174,64.5,-458,65.24,nan,nan,nan,0.5,0.577,52.5,7.15
79175,64.5,-457,65.24,nan,nan,nan,0.5,0.577,52.5,7.15
79176,64.5,-456,65.24,nan,nan,nan,0.5,0.707,52.5,7.15
79177,64.5,-456,65.24,nan,nan,nan,0.5,0.707,52.5,7.15
79178,64.5,-455,65.24,nan,nan,nan,0.5,0.707,52.5,7.15
79179,64.5,-455,65.24,nan,nan,nan,0.5,0.707,52.5,7.15
79180,64.5,-455,65.24,nan,nan,nan,0.5,nan,52.5,7.15
79181,64.5,-454,65.24,nan,nan,nan,0.499,nan,52.5,7.15
79182,65.45,-454,65.24,nan,nan,nan,0.5,0.707,52.5,7.15
79183,65.45,-454,65.24,nan,nan,nan,0.5,0.707,52.5,7.15
79184,65.45,-453,65.24,nan,nan,nan,0.5,0.707,52.5,7.15
79185,65.45,-453,65.24,nan,nan,nan,0.499,0.707,52.5,7.15
79186,65.45,-453,65.24,nan,nan,nan,0.5,0.707,52.5,6.65
79187,65.45,-453,65.24,nan,nan,nan,0.5,0.707,52.5,6.65
79188,65.45,-453,65.24,nan,nan,nan,0.5,0.707,52.5,6.65
79189,65.45,-453,65.24,nan,nan,nan,0.5,0.707,52.5,6.65
79190,65.45,-452,65.24,nan,nan,nan,0.5,nan,52.5,6.65
79191,65.45,-452,65.24,nan,nan,nan,0.5,nan,52.5,6.65
79192,65.45,-452,65.24,nan,nan,nan,0.5,nan,52.5,6.65
79193,65.45,-451,65.24,nan,nan,nan,0.5,nan,52.5,6.65
79194,65.45,-451,65.24,nan,nan,nan,0.5,nan,52.5,6.65
79195,65.45,-451,65.24,nan,nan,nan,0.5,nan,52.5,6.65
79196,65.45,-451,65.24,nan,nan,nan,0.5,nan,52.5,6.65
79197,65.45,-451,65.24,nan,nan,nan,0.5,nan,52.5,6.65
79198,65.45,-451,65.24,nan,nan,nan,0.5,nan,52.5,6.65
79199,65.45,-451,65.24,nan,nan,nan,0.5,nan,52.5,6.65
79200,65.45,-451,65.24,nan,nan,nan,0.5,nan,52.5,6.65
79201,65.45,-451,65.24,nan,nan,nan,0.5,nan,52.5,6.65
79202,65.45,-451,65.24,nan,nan,nan,0.5,nan,52.5,6.65
79203,65.45,-451,65.24,nan,nan,nan,0.5,nan,52.5,6.65
79204,65.45,-451,65.24,nan,nan,nan,0.5,nan,52.5,6.65
79205,65.45,-451,65.24,nan,nan,nan,0.5,nan,52.5,6.65
79206,65.45,-450,65.24,nan,nan,nan,0.5,nan,52.5,6.65
79207,65.45,-450,65.24,nan,nan,nan,0.5,nan,52.5,6.65
79208,65.45,-449,65.24,nan,nan,nan,0.5,nan,52.5,6.65
79209,65.45,-449,65.24,nan,nan,nan,0.5,nan,52.5,6.65
79210,65.45,-448,65.24,nan,nan,nan,0.5,nan,52.5,6.65
79211,65.45,-448,65.24,nan,nan,nan,0.5,nan,52.5,6.65
79212,65.45,-448,65.24,nan,nan,nan,0.5,nan,52.5,6.65
79213,65.45,-447,65.24,nan,nan,nan,0.499,nan,52.5,6.65
79214,67.85,-447,65.24,nan,nan,nan,0.5,0.707,52.5,9.05
79215,67.85,-447,65.24,nan,nan,nan,0.499,0.707,52.5,9.05
79216,67.85,-447,65.24,nan,nan,nan,0.5,0.707,52.5,9.05
79217,67.85,-447,65.24,nan,nan,nan,0.5,0.707,52.5,9.05
79218,67.85,-447,65.24,nan,nan,nan,0.5,0.707,52.5,9.05
79219,67.85,-447,65.24,nan,nan,nan,0.5,0.707,52.5,9.05
79220,67.85,-446,65.24,nan,nan,nan,0.5,0.707,52.5,9.05
79221,67.85,-446,65.24,nan,nan,nan,0.5,0.707,52.5,9.05
79222,67.85,-446,65.24,nan,nan,nan,0.5,nan,52.5,9.05
79223,67.85,-445,65.24,nan,nan,nan,0.499,nan,52.5,9.05
